0 0.426161 0.366211 0.106613 0.190507
0 0.666362 0.223475 0.108804 0.164183
0 0.955482 0.920065 0.082974 0.129326
0 0.445907 0.181922 0.098711 0.141594
0 0.190906 0.591927 0.101174 0.185961
0 0.029439 0.148244 0.056225 0.123937
0 0.812167 0.186299 0.046254 0.104648
0 0.368256 0.233818 0.077140 0.146602
0 0.314175 0.799247 0.088506 0.139445
0 0.578467 0.482850 0.097316 0.195988
0 0.960779 0.791794 0.078113 0.103502
0 0.250839 0.404984 0.091587 0.150333
0 0.313492 0.347181 0.089568 0.151573
0 0.720601 0.712237 0.095232 0.179901
0 0.205382 0.290742 0.074339 0.110735
0 0.823618 0.424046 0.079792 0.126661
0 0.185907 0.367979 0.085593 0.178904
0 0.585162 0.389509 0.056024 0.070766
0 0.294666 0.557535 0.097560 0.188554
0 0.183222 0.729849 0.087650 0.159737
0 0.352643 0.152503 0.092092 0.085808
0 0.060297 0.350862 0.071132 0.142147
0 0.576884 0.133826 0.119510 0.107773
0 0.576327 0.114841 0.126389 0.096263
0 0.944356 0.703282 0.081511 0.058626
0 0.414569 0.605985 0.071966 0.150689
