0 0.879687 0.252431 0.061458 0.071528
0 0.810156 0.290278 0.058854 0.070833
0 0.989583 0.400694 0.020833 0.038889
0 0.905729 0.365972 0.075000 0.090278
0 0.647396 0.124653 0.071875 0.095139
0 0.972396 0.813194 0.055208 0.095833
0 0.185938 0.668750 0.033333 0.054167
0 0.150781 0.360764 0.039062 0.061806
0 0.591406 0.227083 0.068229 0.070833
0 0.253385 0.354861 0.029687 0.050000
0 0.905469 0.823611 0.072396 0.091667
0 0.919531 0.753125 0.065104 0.077083
0 0.466927 0.601042 0.058854 0.078472
0 0.429427 0.571181 0.076563 0.072917
0 0.672917 0.782639 0.050000 0.075000
0 0.637760 0.587153 0.053646 0.065972
0 0.694792 0.639931 0.058333 0.077083
0 0.078646 0.372917 0.054167 0.070833
0 0.183854 0.388889 0.040625 0.065278
0 0.088281 0.481944 0.056771 0.040278
0 0.086458 0.671181 0.069792 0.079861
0 0.247135 0.424306 0.046354 0.062500
0 0.511458 0.651736 0.053125 0.088194
0 0.352344 0.802431 0.042188 0.042361
