0 0.583333 0.465903 0.224074 0.128058
0 0.553241 0.203019 0.206481 0.096825
0 0.458333 0.540083 0.222222 0.114003
0 0.221759 0.508329 0.191667 0.091098
0 0.310648 0.639771 0.200926 0.118688
0 0.100000 0.631442 0.181481 0.132223
0 0.274537 0.176991 0.169444 0.084331
0 0.371296 0.393805 0.227778 0.118168
0 0.819907 0.199375 0.160185 0.113483
0 0.751389 0.366736 0.213889 0.087975
0 0.781944 0.276679 0.149074 0.096304
0 0.943519 0.419573 0.112963 0.113483
0 0.098611 0.446382 0.162037 0.115044
0 0.117593 0.377928 0.170370 0.100989
0 0.775000 0.481260 0.105556 0.084852
0 0.951852 0.632223 0.096296 0.127538
0 0.165741 0.305049 0.183333 0.067673
