0 0.41875 0.5171875 0.103125 0.1140625
0 0.521875 0.44453125 0.11796875 0.19921875
0 0.45859375 0.65625 0.1296875 0.15625
0 0.590625 0.534375 0.11796875 0.15078125
0 0.56953125 0.6953125 0.08828125 0.12890625
0 0.6953125 0.67109375 0.09375 0.10625
0 0.6796875 0.575 0.08203125 0.09296875
0 0.84375 0.2015625 0.0703125 0.115625
0 0.8203125 0.3015625 0.10625 0.1171875
0 0.834375 0.42890625 0.1078125 0.1046875
0 0.92421875 0.2765625 0.0890625 0.11328125
0 0.93046875 0.128125 0.0984375 0.11953125
0 0.97265625 0.27265625 0.05390625 0.15859375
0 0.953125 0.44375 0.09375 0.13046875
0 0.76796875 0.63125 0.0609375 0.10078125
0 0.8296875 0.62578125 0.06640625 0.0875
0 0.9 0.71953125 0.07578125 0.14453125
0 0.81953125 0.775 0.075 0.11328125
0 0.95 0.72734375 0.1 0.1734375
0 0.95859375 0.89765625 0.0625 0.13046875
0 0.584375 0.16796875 0.08046875 0.07734375
0 0.740625 0.09296875 0.0953125 0.0984375
0 0.6609375 0.09765625 0.0734375 0.07421875
0 0.70078125 0.1890625 0.08203125 0.11171875
