0 0.127344 0.340625 0.082812 0.125000
0 0.284375 0.482031 0.093750 0.104688
0 0.413281 0.467969 0.073438 0.107813
0 0.514844 0.489844 0.098437 0.151562
0 0.653125 0.575000 0.062500 0.150000
0 0.121875 0.549219 0.068750 0.132812
0 0.210938 0.548438 0.078125 0.178125
0 0.303125 0.352344 0.078125 0.114062
0 0.374219 0.322656 0.067187 0.095312
0 0.412500 0.193750 0.068750 0.062500
0 0.490625 0.293750 0.071875 0.131250
0 0.666406 0.283594 0.076563 0.085938
0 0.758594 0.303125 0.067187 0.103125
0 0.918750 0.453906 0.084375 0.139063
0 0.829688 0.554688 0.071875 0.125000
0 0.956250 0.635938 0.078125 0.109375
0 0.839063 0.228125 0.059375 0.087500
0 0.915625 0.196094 0.059375 0.101562
0 0.957031 0.209375 0.051562 0.118750
0 0.218750 0.309375 0.071875 0.093750
0 0.560937 0.303906 0.050000 0.073438
0 0.751563 0.212500 0.106250 0.081250
