0 0.574401 0.122254 0.054221 0.082578
0 0.205803 0.352515 0.073151 0.072451
0 0.747459 0.674809 0.088113 0.140542
0 0.615017 0.763695 0.080906 0.109123
0 0.486243 0.586141 0.075623 0.073044
0 0.885598 0.601260 0.072821 0.075661
0 0.236446 0.744868 0.064259 0.081883
0 0.635348 0.040015 0.066084 0.055187
0 0.657051 0.593564 0.082822 0.084347
0 0.205690 0.610594 0.064951 0.080028
0 0.011115 0.440245 0.022229 0.067243
0 0.879177 0.676536 0.072341 0.083790
0 0.278845 0.580059 0.067206 0.073750
0 0.351848 0.550991 0.057558 0.072181
