0 0.19380624999999999 0.19215211754537598 0.11191875 0.23641313742437337
0 0.3743875 0.3659982713915298 0.13974375 0.14618841832324977
0 0.4619 0.30740708729472777 0.15643125 0.16729472774416596
0 0.5381 0.419066551426102 0.1557375 0.12843560933448572
0 0.4342875 0.5264044943820224 0.1408 0.13856525496974934
0 0.59906875 0.699533275713051 0.14326875 0.11893690579083839
0 0.54003125 0.8508210890233362 0.14186875000000002 0.15645635263612792
0 0.78206875 0.6546413137424373 0.1162375 0.19144338807260156
0 0.88190625 0.7641313742437338 0.069375 0.15305963699222128
0 0.93608125 0.6798530682800346 0.11105625 0.2063353500432152
0 0.7148749999999999 0.5079170267934313 0.13114375 0.14479688850475367