0 0.178333 0.455625 0.120000 0.161250
0 0.354167 0.588125 0.103333 0.213750
0 0.604167 0.613125 0.106667 0.166250
0 0.219167 0.555000 0.096667 0.170000
0 0.410833 0.432500 0.115000 0.180000
0 0.282917 0.445000 0.110833 0.155000
0 0.308750 0.200000 0.099167 0.112500
0 0.491250 0.686875 0.094167 0.131250
0 0.179167 0.215625 0.110000 0.148750
0 0.618750 0.427500 0.087500 0.167500
0 0.917917 0.058125 0.102500 0.111250
0 0.823750 0.684375 0.104167 0.138750
0 0.825833 0.215000 0.095000 0.160000
0 0.251667 0.307500 0.113333 0.087500
0 0.707500 0.491875 0.075000 0.158750
0 0.771667 0.505000 0.070000 0.177500
