0 0.772824 0.750403 0.067936 0.051917
0 0.743874 0.917381 0.090197 0.064137
0 0.276779 0.159731 0.072638 0.051021
0 0.236717 0.959819 0.065571 0.056789
0 0.359274 0.489998 0.082268 0.062832
0 0.097664 0.980843 0.072259 0.038314
0 0.756761 0.861281 0.084471 0.063903
0 0.556655 0.621387 0.073530 0.055966
0 0.381646 0.167194 0.082037 0.057657
0 0.694195 0.735314 0.074789 0.045880
0 0.706599 0.784645 0.066920 0.053845
0 0.782565 0.810185 0.096296 0.054905
0 0.359437 0.689939 0.081173 0.055499
0 0.302497 0.361266 0.062892 0.065065
0 0.892434 0.707184 0.068623 0.061257
0 0.282699 0.760146 0.113334 0.049328
0 0.597077 0.953169 0.074289 0.061333
0 0.391277 0.266697 0.105235 0.051437
0 0.458977 0.357667 0.058892 0.054981
0 0.463234 0.476227 0.073124 0.045106
0 0.486048 0.839613 0.084524 0.056529
0 0.400844 0.572488 0.062981 0.048476
0 0.486127 0.582127 0.079182 0.049100
0 0.832502 0.923093 0.059691 0.060380
