0 0.840760 0.396452 0.079269 0.131117
0 0.361977 0.468311 0.098394 0.165082
0 0.296063 0.613443 0.108199 0.195467
0 0.422274 0.635063 0.108998 0.193814
0 0.589979 0.471574 0.101063 0.160710
0 0.715357 0.313484 0.088572 0.163630
0 0.541837 0.640353 0.105051 0.186921
0 0.666911 0.455016 0.086038 0.151736
0 0.094705 0.453381 0.093135 0.136893
0 0.119231 0.637031 0.109161 0.183599
0 0.493447 0.503594 0.093134 0.121794
0 0.740762 0.401032 0.045362 0.071216
0 0.597334 0.330584 0.083475 0.140424
0 0.864010 0.803375 0.083558 0.149769
0 0.665750 0.211304 0.084901 0.119033
0 0.683481 0.137905 0.076349 0.094776
0 0.193685 0.510569 0.085787 0.114056
0 0.663638 0.586098 0.031744 0.062658
0 0.791105 0.251316 0.082538 0.109718
0 0.609579 0.181956 0.062219 0.073880
0 0.931466 0.682276 0.069466 0.136969
0 0.604136 0.190404 0.053939 0.063215
