0 0.727917 0.233125 0.120833 0.133750
0 0.733750 0.773125 0.182500 0.253750
0 0.862500 0.482500 0.125000 0.155000
0 0.486250 0.755000 0.124167 0.150000
0 0.515833 0.525625 0.090000 0.106250
0 0.816667 0.330625 0.128333 0.158750
0 0.507500 0.338125 0.163333 0.178750
0 0.596667 0.796875 0.111667 0.166250
0 0.629583 0.453125 0.077500 0.168750
0 0.698333 0.572500 0.098333 0.157500
0 0.865000 0.681875 0.135000 0.228750
0 0.281667 0.808125 0.130000 0.196250
0 0.262083 0.550000 0.124167 0.160000
0 0.379167 0.692500 0.080000 0.160000
0 0.415417 0.600000 0.084167 0.145000
0 0.583750 0.626875 0.145833 0.141250
0 0.125000 0.770000 0.116667 0.195000
0 0.120000 0.943125 0.108333 0.113750
0 0.332083 0.960625 0.117500 0.078750
0 0.455833 0.911875 0.103333 0.176250
