0 0.837560 0.474941 0.094217 0.131773
0 0.318325 0.635041 0.050371 0.072974
0 0.822506 0.577435 0.103924 0.129660
0 0.122608 0.583413 0.074476 0.121610
0 0.243555 0.781857 0.063832 0.131119
0 0.192219 0.482672 0.072772 0.102487
0 0.773719 0.388829 0.075427 0.121107
0 0.172951 0.412462 0.053278 0.075906
0 0.927450 0.550019 0.078068 0.148687
0 0.385659 0.446609 0.055675 0.070040
0 0.274657 0.510784 0.069219 0.080428
0 0.383599 0.696037 0.053691 0.083825
0 0.452569 0.428181 0.052563 0.086306
0 0.833761 0.337786 0.060802 0.093212
