0 0.54501953125 0.40997076023391815 0.112822265625 0.21954678362573096
0 0.664658203125 0.2237719298245614 0.1196875 0.139546783625731
0 0.52515625 0.25641812865497077 0.13169921875 0.13467836257309942
0 0.400146484375 0.3626754385964912 0.12384765625 0.1366666666666667
0 0.445556640625 0.5432748538011696 0.111162109375 0.16744152046783625
0 0.315654296875 0.7072953216374269 0.1208984375 0.18846491228070175
0 0.276103515625 0.4755263157894737 0.129677734375 0.15475146198830408
0 0.26177734375 0.316374269005848 0.101025390625 0.15517543859649122
0 0.1717578125 0.44019005847953213 0.09091796875 0.19226608187134503
0 0.39623046875 0.15869883040935673 0.12384765625 0.15267543859649124
0 0.2808203125 0.12042397660818714 0.10591796875 0.09076023391812865