0 0.436719 0.488889 0.066146 0.131481
0 0.102344 0.243519 0.067187 0.120370
0 0.290104 0.498611 0.039583 0.110185
0 0.636719 0.580093 0.052604 0.134259
0 0.503125 0.412963 0.061458 0.146296
0 0.708333 0.559722 0.091667 0.186111
0 0.361198 0.429167 0.067187 0.126852
0 0.905729 0.519444 0.095833 0.190741
0 0.365885 0.573148 0.079687 0.127778
0 0.191667 0.287500 0.087500 0.149074
0 0.648177 0.393519 0.052604 0.101852
0 0.590365 0.363426 0.054688 0.104630
0 0.878125 0.331944 0.086458 0.117593
0 0.042448 0.345370 0.060937 0.140741
0 0.372917 0.312037 0.045833 0.057407
0 0.245052 0.199537 0.048438 0.125000