0 0.6054166666666666 0.3665625 0.18900390625 0.274599609375
0 0.66306640625 0.5855859375 0.14956380208333334 0.2304296875
0 0.55626953125 0.675400390625 0.17442057291666668 0.267275390625
0 0.44121744791666667 0.8255859375 0.17100911458333334 0.2191796875
0 0.370859375 0.64330078125 0.2202669270833333 0.27005859375
0 0.290703125 0.415859375 0.11017578125 0.20578125
0 0.41207031250000004 0.449541015625 0.1660546875 0.198388671875
0 0.45286458333333335 0.2293359375 0.12571614583333332 0.15640625
0 0.5396614583333333 0.15908203125 0.176875 0.12919921875
0 0.7038541666666666 0.093984375 0.16453776041666665 0.131240234375
0 0.7993359375 0.2565234375 0.10953125000000001 0.15474609375