0 0.924285 0.734913 0.123142 0.116676
0 0.839389 0.177676 0.111019 0.130260
0 0.560941 0.365991 0.096987 0.111912
0 0.608483 0.565788 0.110201 0.135864
0 0.759089 0.066055 0.093475 0.106417
0 0.139083 0.746335 0.090609 0.079541
0 0.316038 0.194663 0.085778 0.139554
0 0.662947 0.672181 0.111112 0.122313
0 0.230461 0.110110 0.087064 0.114683
0 0.873984 0.546545 0.129852 0.117415
0 0.328856 0.878954 0.089591 0.100187
0 0.952492 0.366943 0.076894 0.095749
0 0.200832 0.280680 0.109085 0.112317
0 0.149003 0.067998 0.090381 0.090271
0 0.065320 0.476688 0.073673 0.151357
0 0.247963 0.812563 0.070301 0.091869
0 0.462381 0.614114 0.082446 0.129234
0 0.450562 0.404643 0.101367 0.139246
0 0.153899 0.202285 0.065841 0.092834
0 0.931765 0.507757 0.094821 0.136576
0 0.939486 0.199493 0.076772 0.097633
0 0.382084 0.737014 0.062488 0.131815
0 0.901968 0.121167 0.073898 0.122644
0 0.693772 0.192772 0.083016 0.097105
0 0.748116 0.568218 0.068660 0.115364
