0 0.320312 0.461719 0.090625 0.120313
0 0.741406 0.608594 0.082812 0.095312
0 0.275781 0.387500 0.101562 0.071875
0 0.215625 0.510156 0.071875 0.120313
0 0.530469 0.877344 0.082812 0.104688
0 0.334375 0.686719 0.093750 0.092188
0 0.832812 0.250000 0.131250 0.096875
0 0.475000 0.457031 0.093750 0.095312
0 0.482812 0.682813 0.084375 0.081250
0 0.418750 0.726562 0.075000 0.068750
0 0.502344 0.771094 0.057813 0.067187
0 0.614844 0.854688 0.060937 0.059375
0 0.581250 0.776563 0.081250 0.084375
0 0.405469 0.348438 0.107813 0.112500
0 0.451562 0.889062 0.106250 0.115625
