0 0.374219 0.553906 0.110937 0.166406
0 0.286719 0.456250 0.142188 0.170313
0 0.228125 0.603125 0.150000 0.134375
0 0.080469 0.533594 0.077344 0.203125
0 0.524219 0.531250 0.082031 0.145313
0 0.614844 0.665625 0.134375 0.157812
0 0.547656 0.339063 0.129688 0.185156
0 0.887500 0.511719 0.126562 0.175781
0 0.871875 0.364844 0.128125 0.179688
0 0.362500 0.268750 0.162500 0.128125
0 0.421094 0.683594 0.096094 0.102344
0 0.307031 0.738281 0.140625 0.128906
0 0.771094 0.868750 0.132031 0.141406
0 0.752344 0.725000 0.085938 0.124219
0 0.271094 0.170312 0.107031 0.100000
0 0.443750 0.189063 0.139844 0.117188
0 0.207031 0.267969 0.141406 0.086719
0 0.193750 0.386719 0.075000 0.137500
