0 0.438841 0.715634 0.072760 0.138137
0 0.597440 0.420276 0.090513 0.111092
0 0.417788 0.532694 0.054118 0.101018
0 0.253393 0.387283 0.067799 0.105733
0 0.854928 0.320484 0.100030 0.141897
0 0.218523 0.661090 0.049075 0.087894
0 0.388452 0.634189 0.064364 0.112343
0 0.539120 0.299149 0.067638 0.093732
0 0.058204 0.635308 0.076455 0.091287
0 0.049633 0.861108 0.068850 0.104911
0 0.141345 0.725178 0.078366 0.115223
0 0.031660 0.775667 0.046353 0.086163
0 0.741549 0.106727 0.089879 0.143132
0 0.097671 0.920520 0.056124 0.117493
0 0.148653 0.576146 0.060572 0.080388
