0 0.53125 0.471875 0.096875 0.19140625
0 0.6546875 0.403125 0.08046875 0.14765625
0 0.5984375 0.51953125 0.06953125 0.09921875
0 0.6484375 0.625 0.07109375 0.16328125
0 0.56953125 0.62265625 0.10625 0.1265625
0 0.5203125 0.653125 0.0703125 0.12734375
0 0.4265625 0.653125 0.1046875 0.14609375
0 0.47890625 0.76171875 0.1140625 0.1328125
0 0.43515625 0.5546875 0.1015625 0.1453125
0 0.3828125 0.43125 0.06484375 0.16171875
0 0.42109375 0.3859375 0.08046875 0.125
0 0.4640625 0.2921875 0.11015625 0.13671875
