0 0.637361 0.517128 0.147678 0.266191
0 0.245048 0.803365 0.138609 0.250456
0 0.506201 0.452570 0.105213 0.176000
0 0.369788 0.682645 0.130251 0.196695
0 0.452998 0.845325 0.176672 0.309351
0 0.763133 0.374143 0.138326 0.236218
0 0.199996 0.296722 0.118069 0.219555
0 0.755944 0.637710 0.169087 0.290300
0 0.362799 0.459026 0.119018 0.217154
0 0.624903 0.087331 0.151288 0.174661
0 0.930909 0.552900 0.108876 0.222347
0 0.609589 0.784264 0.083060 0.257243
0 0.445465 0.447360 0.067063 0.108985
0 0.562545 0.320575 0.116450 0.228524
