0 0.279346 0.517979 0.074154 0.110598
0 0.957969 0.428528 0.081785 0.129800
0 0.894303 0.343911 0.085161 0.123298
0 0.450421 0.570957 0.047941 0.081811
0 0.383190 0.692300 0.066387 0.135042
0 0.338173 0.416719 0.070689 0.092836
0 0.132660 0.813206 0.081329 0.124249
0 0.316253 0.362482 0.048045 0.072620
0 0.946042 0.526765 0.089376 0.123218
0 0.078706 0.708222 0.074787 0.103383
0 0.259537 0.390835 0.056768 0.078708
0 0.011704 0.934252 0.023408 0.110988
0 0.496444 0.613161 0.060947 0.104141
0 0.505235 0.398151 0.049037 0.066574
0 0.128061 0.642460 0.069471 0.084775
