0 0.607692 0.355556 0.055385 0.093333
0 0.649231 0.317778 0.046154 0.071111
0 0.609231 0.433333 0.055385 0.093333
0 0.656923 0.401111 0.055385 0.086667
0 0.519231 0.281111 0.084615 0.095556
0 0.473846 0.341111 0.073846 0.117778
0 0.597692 0.212222 0.056923 0.077778
0 0.583077 0.295556 0.055385 0.071111
0 0.900000 0.485556 0.049231 0.086667
0 0.956923 0.495556 0.067692 0.097778
0 0.190000 0.715556 0.069231 0.093333
0 0.129231 0.793333 0.064615 0.080000
0 0.847692 0.756667 0.058462 0.082222
0 0.287692 0.502222 0.052308 0.075556
0 0.301538 0.136667 0.064615 0.091111
0 0.755385 0.137778 0.046154 0.048889
0 0.074615 0.151111 0.047692 0.075556
