0 0.621354 0.296181 0.096875 0.161806
0 0.551042 0.398611 0.111458 0.144444
0 0.188021 0.676042 0.056250 0.085417
0 0.461198 0.284722 0.081771 0.133333
0 0.095312 0.690278 0.072917 0.077778
0 0.463542 0.627778 0.047917 0.080556
0 0.396615 0.619097 0.065104 0.099306
0 0.306510 0.564931 0.048438 0.071528
0 0.154688 0.757292 0.071875 0.111806
0 0.750260 0.447222 0.067187 0.070833
0 0.334635 0.675694 0.048438 0.056944
0 0.032813 0.782986 0.055208 0.096528
0 0.531250 0.223264 0.077083 0.114583
0 0.897656 0.537847 0.076563 0.102083
0 0.026042 0.690972 0.045833 0.073611
0 0.583594 0.597569 0.103646 0.138194
0 0.717969 0.733333 0.074479 0.109722
0 0.345573 0.561111 0.063021 0.095833
0 0.028125 0.032986 0.044792 0.059028
0 0.079948 0.751042 0.070312 0.113194
0 0.166667 0.623958 0.063542 0.068750
0 0.864844 0.719097 0.054688 0.067361
0 0.284115 0.689583 0.047396 0.052778
0 0.175000 0.406250 0.032292 0.061111
0 0.128906 0.022222 0.036979 0.040278
0 0.065365 0.626736 0.064062 0.075694
0 0.755990 0.567361 0.073438 0.097222
0 0.660677 0.679861 0.048438 0.066667
0 0.613802 0.571181 0.064062 0.102083
0 0.647656 0.904514 0.045312 0.070139
0 0.217188 0.527083 0.048958 0.059722
0 0.652344 0.679167 0.068229 0.077778
0 0.248958 0.682639 0.052083 0.062500
0 0.305729 0.485764 0.061458 0.089583
0 0.142969 0.448264 0.035937 0.064583
0 0.464062 0.700347 0.059375 0.078472
0 0.400260 0.522917 0.068229 0.084722
0 0.078906 0.354861 0.026562 0.045833
0 0.604948 0.742361 0.076563 0.087500
0 0.432552 0.407639 0.067187 0.101389
0 0.857031 0.607639 0.064062 0.101389
0 0.403385 0.478472 0.042188 0.054167
0 0.439063 0.530208 0.038542 0.067361
0 0.146094 0.557292 0.053646 0.067361
0 0.450000 0.470833 0.047917 0.070833
0 0.594271 0.643056 0.079167 0.084722
