0 0.42091666666666666 0.19845833333333332 0.17447916666666666 0.20154166666666667
0 0.5063333333333333 0.29129166666666667 0.13386458333333331 0.1788888888888889
0 0.35441666666666666 0.3297361111111111 0.14356249999999998 0.1835416666666667
0 0.257875 0.43066666666666664 0.12547916666666667 0.13541666666666666
0 0.35561458333333335 0.5677083333333334 0.11445833333333333 0.16829166666666667
0 0.5186770833333333 0.5797777777777777 0.13873958333333333 0.17806944444444445
0 0.3721041666666667 0.697125 0.1960625 0.14555555555555555
0 0.4962604166666667 0.7654305555555556 0.12484374999999999 0.17284722222222224
0 0.66053125 0.6191388888888889 0.12036458333333333 0.17901388888888886
0 0.63465625 0.41816666666666663 0.10820833333333332 0.14930555555555555
0 0.7956145833333333 0.4607777777777778 0.111375 0.22895833333333332
0 0.9538229166666666 0.3056527777777778 0.09236458333333333 0.25205555555555553
0 0.8959791666666667 0.5915833333333333 0.09541666666666666 0.18780555555555556
0 0.7299791666666666 0.721 0.06342708333333333 0.16052777777777777
0 0.8233958333333333 0.7390694444444444 0.10026041666666667 0.17443055555555556
0 0.6822291666666668 0.8524999999999999 0.10335416666666666 0.08463888888888889