0 0.657437 0.555449 0.055380 0.074570
0 0.443038 0.331740 0.063291 0.082218
0 0.254747 0.199809 0.063291 0.089866
0 0.212816 0.120459 0.055380 0.068834
0 0.696203 0.551625 0.050633 0.070746
0 0.704905 0.605163 0.061709 0.078394
0 0.254747 0.453155 0.041139 0.061185
0 0.341772 0.524857 0.053797 0.070746
0 0.026899 0.158700 0.050633 0.072658
0 0.352848 0.570746 0.053797 0.059273
0 0.046677 0.274379 0.090190 0.063098
0 0.308544 0.458891 0.050633 0.080306
0 0.152690 0.835564 0.036392 0.053537
0 0.178797 0.076482 0.060127 0.080306
0 0.330696 0.284895 0.069620 0.080306
0 0.237342 0.804971 0.041139 0.053537
0 0.125000 0.090822 0.075949 0.089866
0 0.045886 0.735182 0.060127 0.055449
0 0.237342 0.428298 0.050633 0.072658
0 0.207278 0.352772 0.075949 0.082218
0 0.400316 0.545889 0.053797 0.074570
0 0.611551 0.523901 0.055380 0.068834
0 0.362342 0.212237 0.041139 0.076482
0 0.011076 0.214149 0.018987 0.061185
0 0.175633 0.193117 0.088608 0.084130
0 0.162184 0.029637 0.061709 0.047801
0 0.177215 0.273423 0.094937 0.072658
0 0.480222 0.584130 0.064873 0.097514
0 0.511076 0.309751 0.050633 0.080306
0 0.315665 0.151052 0.064873 0.049713
0 0.465981 0.549713 0.055380 0.066922
0 0.271361 0.487572 0.036392 0.057361
