0 0.537048 0.683265 0.133466 0.193728
0 0.310101 0.693348 0.118948 0.197427
0 0.093463 0.527809 0.126508 0.177441
0 0.679257 0.293969 0.093571 0.191068
0 0.573027 0.433208 0.110517 0.173378
0 0.469688 0.415157 0.115980 0.226363
0 0.089619 0.772589 0.120563 0.191844
0 0.508485 0.212318 0.124697 0.168068
0 0.229704 0.428699 0.119640 0.180021
0 0.415134 0.578310 0.139902 0.196848
0 0.798644 0.853622 0.137749 0.292756
0 0.893386 0.753425 0.105860 0.186092
0 0.946310 0.875226 0.097183 0.196636
0 0.241147 0.626007 0.079394 0.171284
0 0.175858 0.704077 0.106420 0.163677
0 0.205726 0.553086 0.102419 0.162015
0 0.232568 0.880609 0.130208 0.238782
0 0.965599 0.700204 0.066491 0.144226
0 0.447711 0.813438 0.121693 0.206590
