0 0.356250 0.759926 0.077083 0.094293
0 0.074219 0.705335 0.072396 0.069479
0 0.221094 0.869417 0.083854 0.116005
0 0.301823 0.668734 0.089063 0.076923
0 0.080729 0.623759 0.075000 0.063896
0 0.255208 0.751551 0.071875 0.104839
0 0.047656 0.759305 0.068229 0.064516
0 0.430469 0.681452 0.058854 0.056452
0 0.242448 0.573201 0.066146 0.059553
0 0.491406 0.887097 0.081771 0.124069
0 0.358854 0.636166 0.048958 0.066377
0 0.466927 0.018610 0.053646 0.035980
0 0.339062 0.868486 0.104167 0.081886
0 0.026042 0.933623 0.033333 0.054591
0 0.171615 0.718672 0.068229 0.094913
0 0.489323 0.671836 0.064062 0.084367
0 0.420312 0.631203 0.054167 0.058933
0 0.296354 0.564206 0.042708 0.053970
0 0.264844 0.529777 0.060937 0.052109
0 0.136979 0.299007 0.032292 0.062035
0 0.103906 0.307692 0.039062 0.055831
