0 0.370333 0.570513 0.096667 0.196581
0 0.526667 0.554487 0.104000 0.188034
0 0.883000 0.498397 0.102000 0.176282
0 0.870667 0.824786 0.114667 0.256410
0 0.779000 0.684829 0.091333 0.181624
0 0.787667 0.533120 0.103333 0.123932
0 0.556667 0.390491 0.060000 0.112179
0 0.301333 0.529915 0.064000 0.134615
0 0.927333 0.726496 0.101333 0.211538
0 0.079000 0.514423 0.068667 0.159188
0 0.495667 0.416667 0.082000 0.153846
0 0.257667 0.407051 0.123333 0.123932
0 0.543333 0.267628 0.082667 0.163462
0 0.057000 0.692842 0.090000 0.214744
0 0.954333 0.574786 0.091333 0.166667
0 0.407667 0.378739 0.112667 0.142094
