0 0.271000 0.775112 0.206000 0.191904
0 0.086000 0.679910 0.156000 0.163418
0 0.730000 0.464018 0.144000 0.157421
0 0.479000 0.245877 0.190000 0.176912
0 0.811000 0.105697 0.082000 0.097451
0 0.410000 0.641679 0.204000 0.176912
0 0.530000 0.666417 0.136000 0.151424
0 0.750000 0.709145 0.144000 0.143928
0 0.673000 0.593703 0.158000 0.149925
0 0.199000 0.594453 0.170000 0.145427
0 0.800000 0.593703 0.140000 0.125937
0 0.517000 0.533733 0.150000 0.119940
0 0.273000 0.327586 0.162000 0.136432
0 0.248000 0.470765 0.152000 0.119940
0 0.742000 0.171664 0.092000 0.094453
0 0.218000 0.233883 0.212000 0.146927
