0 0.412500 0.416406 0.094531 0.136719
0 0.559375 0.373437 0.117188 0.122656
0 0.491406 0.570312 0.103906 0.122656
0 0.590625 0.633594 0.086719 0.171094
0 0.701563 0.577344 0.043750 0.124219
0 0.645312 0.592969 0.046094 0.121094
0 0.314844 0.675781 0.089844 0.095312
0 0.259375 0.799219 0.104688 0.136719
0 0.184375 0.720312 0.067188 0.182031
0 0.116406 0.553125 0.052344 0.146875
0 0.189063 0.557031 0.067969 0.148438
0 0.293750 0.500781 0.107031 0.079687
0 0.196094 0.453906 0.116406 0.091406
0 0.178125 0.337500 0.115625 0.142969
0 0.246875 0.261719 0.051563 0.061719
0 0.325000 0.307031 0.077344 0.071875
