0 0.4476785714285714 0.495980528511822 0.27762896825396827 0.33454798331015295
0 0.7511210317460317 0.4389429763560501 0.2753968253968254 0.3651321279554937
0 0.6241170634920635 0.19339360222531296 0.15233134920634922 0.17168289290681502
0 0.45445436507936504 0.2773296244784423 0.22571428571428573 0.13368567454798333
0 0.3732638888888889 0.8393324061196106 0.20816468253968254 0.2952712100139082
0 0.6270634920634921 0.7198887343532685 0.2743055555555556 0.24126564673157164
0 0.9306845238095238 0.5896383866481224 0.07182539682539683 0.37168289290681505
0 0.8265178571428572 0.8743671766342141 0.09284722222222222 0.25127955493741305
0 0.16125992063492064 0.5900834492350486 0.13336309523809525 0.11664812239221141
0 0.11925595238095238 0.7755632823365786 0.12078373015873016 0.18720445062586927
0 0.2295436507936508 0.8861891515994437 0.13285714285714284 0.2276356050069541