0 0.433594 0.508333 0.064062 0.070370
0 0.407292 0.675000 0.065625 0.114815
0 0.691927 0.467130 0.073438 0.132407
0 0.186979 0.830093 0.048958 0.121296
0 0.111458 0.733333 0.054167 0.092593
0 0.411979 0.838889 0.055208 0.116667
0 0.030469 0.874537 0.047396 0.069444
0 0.478385 0.775000 0.065104 0.129630
0 0.194531 0.525926 0.061979 0.137037
0 0.634635 0.366204 0.035937 0.128704
0 0.186719 0.322685 0.105729 0.212037
0 0.692969 0.227315 0.050521 0.067593
0 0.800521 0.460185 0.087500 0.133333
0 0.729167 0.311111 0.070833 0.072222
0 0.238021 0.742130 0.047917 0.102778
0 0.088021 0.257407 0.087500 0.179630
0 0.528385 0.788426 0.043229 0.113889
0 0.064323 0.809259 0.038021 0.072222
0 0.053125 0.107407 0.106250 0.179630
0 0.151823 0.727315 0.048438 0.097222
0 0.848698 0.362037 0.032813 0.118519
0 0.332813 0.621759 0.052083 0.104630
0 0.364844 0.585648 0.023438 0.071296
0 0.086979 0.406019 0.035417 0.050926
0 0.281250 0.958333 0.026042 0.064815
0 0.268229 0.652315 0.035417 0.084259
0 0.281510 0.973148 0.028646 0.042593
0 0.908854 0.523611 0.020833 0.050926