0 0.699241 0.717124 0.081599 0.098715
0 0.764504 0.351363 0.072183 0.126951
0 0.434632 0.718779 0.062940 0.112103
0 0.369923 0.430238 0.077103 0.102471
0 0.964633 0.563245 0.068063 0.130513
0 0.466930 0.347714 0.082354 0.104337
0 0.160839 0.844907 0.059434 0.120202
0 0.662617 0.440697 0.087918 0.086168
0 0.863496 0.427618 0.076512 0.109368
0 0.541794 0.282993 0.067991 0.123640
0 0.355939 0.051893 0.098829 0.094666
0 0.710091 0.584646 0.067314 0.088768
0 0.875697 0.240379 0.062241 0.101932
0 0.667450 0.298744 0.060113 0.089506
0 0.369182 0.164563 0.094086 0.090549
0 0.897900 0.340442 0.076678 0.101285
0 0.381164 0.675987 0.059732 0.103917
0 0.773036 0.645866 0.053328 0.095090
0 0.782891 0.740539 0.063489 0.097294
0 0.690789 0.874986 0.063068 0.100943
0 0.751341 0.885255 0.063920 0.097447
0 0.544189 0.489088 0.073911 0.104064
0 0.717791 0.274022 0.061452 0.103964
0 0.803218 0.228266 0.075056 0.091761
0 0.529253 0.401209 0.078217 0.089388
0 0.294882 0.596353 0.056307 0.129096
0 0.618346 0.366146 0.070600 0.107293
0 0.745507 0.897804 0.065514 0.113367
0 0.414883 0.502148 0.057054 0.081459
0 0.388199 0.565582 0.063943 0.089253
