0 0.744634 0.602509 0.147096 0.126420
0 0.593750 0.629972 0.153409 0.141572
0 0.459596 0.547112 0.155303 0.125473
0 0.587437 0.263494 0.147096 0.126420
0 0.738636 0.504972 0.103535 0.094223
0 0.461490 0.296402 0.128788 0.121212
0 0.688131 0.197443 0.118687 0.131629
0 0.632576 0.499290 0.065657 0.047822
0 0.613005 0.897254 0.117424 0.127841
0 0.690972 0.349195 0.115530 0.110322
0 0.436869 0.192708 0.135101 0.108902
0 0.573864 0.456913 0.113636 0.095644
0 0.147727 0.302320 0.130051 0.151989
0 0.833333 0.356297 0.118687 0.096117
0 0.605429 0.161695 0.117424 0.060133
0 0.337437 0.476799 0.173611 0.117424
0 0.234217 0.588778 0.161616 0.089489
0 0.401831 0.773911 0.154672 0.099905
