0 0.496875 0.69375 0.09609375 0.13984375
0 0.509375 0.690625 0.11328125 0.1453125
0 0.1640625 0.58046875 0.06953125 0.07421875
0 0.084375 0.6078125 0.078125 0.0890625
0 0.1390625 0.703125 0.0734375 0.0953125
0 0.2046875 0.65234375 0.05703125 0.1265625
0 0.353125 0.703125 0.075 0.09765625
0 0.37109375 0.8328125 0.10078125 0.1265625
0 0.56171875 0.76328125 0.08515625 0.13203125
0 0.45703125 0.8046875 0.1046875 0.13046875
0 0.809375 0.76328125 0.09296875 0.11953125
0 0.92421875 0.63984375 0.0984375 0.12109375
0 0.76484375 0.44609375 0.11015625 0.1640625
0 0.7109375 0.5484375 0.08828125 0.12265625
0 0.69921875 0.42109375 0.09140625 0.15078125
0 0.603125 0.534375 0.03828125 0.1375
0 0.66875 0.590625 0.07109375 0.12109375
0 0.63359375 0.20625 0.08828125 0.140625
0 0.7109375 0.16328125 0.065625 0.140625
0 0.82421875 0.121875 0.11328125 0.15859375
0 0.675 0.2921875 0.090625 0.0703125
0 0.7640625 0.29140625 0.0765625 0.10859375
