0 0.615625 0.321214 0.153125 0.171013
0 0.305208 0.348796 0.162500 0.162989
0 0.156250 0.345537 0.117708 0.138415
0 0.095052 0.444333 0.094271 0.131394
0 0.655208 0.722166 0.162500 0.162487
0 0.379167 0.268556 0.127083 0.124875
0 0.206510 0.618857 0.133854 0.157472
0 0.707812 0.565196 0.158333 0.157472
0 0.369531 0.517302 0.176563 0.210130
0 0.842187 0.587513 0.109375 0.139920
0 0.508854 0.367603 0.142708 0.137412
0 0.507292 0.592026 0.148958 0.158977
0 0.528646 0.253761 0.109375 0.136409
0 0.826042 0.354313 0.161458 0.164995
0 0.218490 0.479188 0.133854 0.157974
0 0.729948 0.233200 0.173437 0.154463
