0 0.229948 0.629492 0.114062 0.105078
0 0.929688 0.408984 0.070833 0.052344
0 0.930729 0.339844 0.094792 0.059375
0 0.577083 0.365625 0.098958 0.068750
0 0.965625 0.442383 0.065625 0.051172
0 0.298438 0.525977 0.121875 0.094922
0 0.221094 0.530664 0.107813 0.076953
0 0.122135 0.557227 0.119271 0.086328
0 0.080729 0.612891 0.089583 0.065625
0 0.134635 0.068750 0.066146 0.046875
0 0.588021 0.483594 0.094792 0.059375
0 0.665885 0.445898 0.080729 0.057422
0 0.671094 0.516992 0.072396 0.069141
0 0.768750 0.552930 0.080208 0.069141
0 0.851823 0.567383 0.099479 0.069922
0 0.781510 0.455664 0.099479 0.069922
0 0.765885 0.369727 0.085938 0.070703
0 0.663802 0.402930 0.098437 0.065234
0 0.848177 0.394922 0.078646 0.066406
