0 0.551562 0.662963 0.063542 0.122222
0 0.733333 0.246296 0.043750 0.098148
0 0.673698 0.652315 0.064062 0.095370
0 0.853646 0.176852 0.072917 0.161111
0 0.498698 0.584722 0.048438 0.108333
0 0.349219 0.915278 0.067187 0.123148
0 0.551562 0.536111 0.047917 0.090741
0 0.202604 0.977315 0.053125 0.041667
0 0.629948 0.450000 0.067187 0.098148
0 0.917448 0.271759 0.089063 0.182407
0 0.751042 0.125926 0.053125 0.116667
0 0.226302 0.868056 0.046354 0.080556
0 0.288802 0.962037 0.076563 0.070370
0 0.163802 0.913889 0.027604 0.103704
0 0.235937 0.768519 0.042708 0.048148
0 0.986198 0.082870 0.026562 0.128704
0 0.298177 0.812037 0.048438 0.048148