0 0.740885 0.927539 0.054688 0.041797
0 0.726302 0.557031 0.118229 0.106250
0 0.110677 0.461328 0.053646 0.041406
0 0.265885 0.770898 0.058854 0.055859
0 0.516927 0.409180 0.127604 0.092578
0 0.643490 0.574805 0.097396 0.088672
0 0.613802 0.637695 0.102604 0.085547
0 0.461979 0.552930 0.100000 0.109766
0 0.535677 0.551758 0.090104 0.097266
0 0.685677 0.470898 0.125521 0.091797
0 0.234635 0.571289 0.121354 0.085547
0 0.369792 0.434570 0.135417 0.084766
0 0.232552 0.526953 0.130729 0.072656
0 0.516146 0.641992 0.092708 0.066797
0 0.527344 0.334375 0.098437 0.063281
0 0.607031 0.411133 0.114062 0.088672
0 0.193750 0.460352 0.109375 0.073047
0 0.380208 0.371094 0.108333 0.084375
0 0.474479 0.275586 0.128125 0.058203
0 0.363281 0.322070 0.094271 0.064453
0 0.174740 0.635156 0.147396 0.074219
