0 0.535343 0.626816 0.081194 0.130093
0 0.314442 0.246201 0.081643 0.166995
0 0.513397 0.241730 0.076926 0.103787
0 0.613011 0.691047 0.086036 0.146273
0 0.640003 0.549858 0.074308 0.120393
0 0.553121 0.486910 0.072532 0.138745
0 0.388269 0.148498 0.078520 0.149301
0 0.275151 0.112637 0.079144 0.120740
0 0.483343 0.456587 0.057154 0.134762
0 0.463637 0.643385 0.052658 0.137413
0 0.348901 0.034487 0.084379 0.068973
0 0.870135 0.544469 0.060110 0.094666
0 0.052503 0.205541 0.043262 0.112759
0 0.555424 0.152569 0.079465 0.094419
0 0.434174 0.039634 0.087647 0.075503
0 0.044925 0.073951 0.061403 0.111570
