0 0.321875 0.298438 0.190625 0.178125
0 0.425000 0.131250 0.193750 0.121875
0 0.692969 0.186719 0.204687 0.179688
0 0.880469 0.120313 0.167187 0.159375
0 0.741406 0.539062 0.179688 0.103125
0 0.926562 0.485938 0.146875 0.118750
0 0.872656 0.609375 0.207813 0.128125
0 0.551562 0.771094 0.278125 0.123438
0 0.222656 0.810937 0.204687 0.115625
0 0.324219 0.882812 0.257812 0.103125
0 0.675781 0.904687 0.223438 0.096875
0 0.853906 0.885156 0.160938 0.120313
0 0.315625 0.744531 0.196875 0.117188
0 0.182031 0.361719 0.195312 0.085938
0 0.172656 0.252344 0.151562 0.142187
0 0.564844 0.188281 0.135937 0.110937
