0 0.953908 0.454990 0.032216 0.068881
0 0.264385 0.226577 0.033406 0.060060
0 0.689231 0.071324 0.031232 0.064303
0 0.700765 0.420451 0.032508 0.062184
0 0.659839 0.328499 0.029313 0.054552
0 0.602686 0.421208 0.032502 0.049914
0 0.026050 0.919026 0.039362 0.077419
0 0.415108 0.910655 0.028503 0.066922
0 0.438833 0.747317 0.030995 0.050987
0 0.417755 0.469760 0.033463 0.052882
0 0.610843 0.327737 0.038598 0.052437
0 0.726045 0.476598 0.026286 0.053312
0 0.552286 0.548819 0.027635 0.058116
0 0.331228 0.034473 0.033310 0.048430
0 0.507120 0.564907 0.029178 0.062844
0 0.438611 0.216182 0.035469 0.047119
0 0.301008 0.120544 0.030974 0.052953
0 0.662678 0.322851 0.026267 0.053275
0 0.603221 0.252773 0.032309 0.069698
0 0.722124 0.480183 0.031156 0.060986
0 0.416454 0.682460 0.039600 0.076818
0 0.558613 0.361423 0.039025 0.057507
0 0.238838 0.775703 0.042617 0.081045
0 0.690916 0.407608 0.039811 0.066208
0 0.420425 0.144825 0.040003 0.052073
0 0.488230 0.251182 0.032109 0.045710
0 0.953984 0.453780 0.036369 0.090364
0 0.093551 0.108934 0.032607 0.049370
0 0.087324 0.235898 0.037430 0.062254
