0 0.607099 0.444417 0.057433 0.085671
0 0.334870 0.628667 0.072390 0.117005
0 0.191773 0.697482 0.054848 0.080504
0 0.816155 0.313202 0.074419 0.103708
0 0.630164 0.621502 0.070042 0.136933
0 0.292555 0.733311 0.043899 0.079596
0 0.579568 0.544970 0.067888 0.111353
0 0.434569 0.313576 0.063478 0.092452
0 0.257174 0.840506 0.050807 0.108832
0 0.752088 0.201490 0.068057 0.095872
0 0.258746 0.531434 0.067984 0.091806
0 0.217168 0.778869 0.053514 0.085622
0 0.942310 0.041575 0.097702 0.083149
0 0.235748 0.617088 0.055619 0.074575
0 0.615918 0.318935 0.042705 0.085392
0 0.683819 0.279028 0.060357 0.087651
