0 0.4125 0.41640625 0.09453125 0.13671875
0 0.559375 0.3734375 0.1171875 0.12265625
0 0.49140625 0.5703125 0.10390625 0.12265625
0 0.590625 0.63359375 0.08671875 0.17109375
0 0.7015625 0.57734375 0.04375 0.12421875
0 0.6453125 0.59296875 0.04609375 0.12109375
0 0.31484375 0.67578125 0.08984375 0.0953125
0 0.259375 0.79921875 0.1046875 0.13671875
0 0.184375 0.7203125 0.0671875 0.18203125
0 0.11640625 0.553125 0.05234375 0.146875
0 0.1890625 0.55703125 0.06796875 0.1484375
0 0.29375 0.50078125 0.10703125 0.0796875
0 0.19609375 0.45390625 0.11640625 0.09140625
0 0.178125 0.3375 0.115625 0.14296875
0 0.246875 0.26171875 0.0515625 0.06171875
0 0.325 0.30703125 0.07734375 0.071875
