0 0.357422 0.486823 0.239583 0.104929
0 0.471354 0.559785 0.113281 0.108346
0 0.336914 0.727184 0.152995 0.146413
0 0.549154 0.711323 0.237630 0.161542
0 0.701823 0.574915 0.166667 0.204978
0 0.885091 0.464129 0.106120 0.068326
0 0.811198 0.524402 0.096354 0.091264
0 0.961263 0.520742 0.077474 0.098585
0 0.896810 0.374085 0.120443 0.055149
0 0.119792 0.413372 0.063802 0.038067
0 0.205729 0.387750 0.063802 0.033675
0 0.191081 0.454124 0.054036 0.030747
0 0.039388 0.484383 0.039714 0.027818
0 0.071289 0.477794 0.043620 0.046852
0 0.696289 0.422157 0.051432 0.047828
