0 0.488802 0.583796 0.072396 0.128704
0 0.028385 0.940278 0.056771 0.106481
0 0.195573 0.792130 0.059896 0.110185
0 0.330208 0.898611 0.062500 0.136111
0 0.519792 0.436111 0.052083 0.075926
0 0.910937 0.180556 0.091667 0.146296
0 0.590365 0.575463 0.085938 0.139815
0 0.055729 0.497685 0.046875 0.086111
0 0.248438 0.624074 0.066667 0.062963
0 0.099479 0.468519 0.047917 0.087037
0 0.068750 0.849537 0.052083 0.087963
0 0.199740 0.946759 0.081771 0.102778
0 0.273177 0.899537 0.067187 0.139815
0 0.646615 0.493519 0.054688 0.127778
0 0.440885 0.491667 0.036979 0.105556
0 0.046354 0.373148 0.034375 0.068519
0 0.016667 0.450926 0.033333 0.144444
0 0.362500 0.773148 0.057292 0.094444
0 0.847135 0.085185 0.041146 0.111111
0 0.011979 0.685648 0.023958 0.065741
0 0.129427 0.737963 0.042188 0.103704
0 0.104427 0.384259 0.032813 0.062963
0 0.135417 0.734259 0.039583 0.105556
0 0.900000 0.049074 0.112500 0.077778
0 0.126562 0.750463 0.043750 0.087963