0 0.6682993197278911 0.4276530612244898 0.12269387755102042 0.16841836734693877
0 0.5639863945578231 0.2776360544217687 0.17710204081632652 0.18301020408163265
0 0.7266938775510204 0.28448979591836737 0.12383673469387754 0.1485204081632653
0 0.40504761904761905 0.36362244897959184 0.11544217687074829 0.1905952380952381
0 0.5479047619047619 0.5065306122448979 0.15212244897959185 0.1783673469387755
0 0.40617687074829933 0.551921768707483 0.099578231292517 0.16185374149659865
0 0.4993333333333333 0.6686054421768707 0.1699047619047619 0.14901360544217687
0 0.1852517006802721 0.7111564625850341 0.09536054421768708 0.20255102040816325
0 0.28219047619047616 0.6033843537414967 0.1302721088435374 0.1773809523809524
0 0.2704761904761905 0.433078231292517 0.12751020408163266 0.11408163265306122
0 0.3154557823129252 0.9022789115646258 0.11770068027210885 0.11142857142857142