0 0.6068916666666666 0.8190886392009988 0.2039 0.2833832709113608
0 0.8001166666666667 0.7626591760299626 0.11257500000000001 0.23711610486891388
0 0.7619916666666666 0.4745443196004994 0.11595833333333334 0.24348314606741572
0 0.6454666666666666 0.3048064918851436 0.11439166666666667 0.1647940074906367
0 0.9035166666666666 0.43198501872659173 0.09345833333333334 0.15837702871410736
0 0.16409166666666666 0.6095755305867665 0.15719999999999998 0.2305867665418227
0 0.19789166666666666 0.875505617977528 0.14146666666666666 0.20756554307116104
0 0.09911666666666666 0.2079151061173533 0.09575833333333333 0.12359550561797752
0 0.28092500000000004 0.20235955056179775 0.151975 0.09585518102372036
0 0.26826666666666665 0.42921348314606744 0.08221666666666666 0.1750187265917603
0 0.39513333333333334 0.40214731585518104 0.11372499999999999 0.11812734082397004
0 0.42306666666666665 0.5839076154806492 0.11589166666666666 0.22086142322097377
0 0.5221583333333334 0.5092259675405743 0.13628333333333334 0.2518227215980025