0 0.658098 0.403278 0.213528 0.147077
0 0.676348 0.578775 0.300633 0.224907
0 0.794874 0.666361 0.220337 0.173761
0 0.389552 0.357076 0.207359 0.148328
0 0.535403 0.249946 0.248707 0.165425
0 0.873309 0.441627 0.197479 0.167947
0 0.212969 0.562661 0.164197 0.179689
0 0.384705 0.739835 0.275835 0.164515
0 0.952677 0.583279 0.093985 0.167997
0 0.377855 0.491539 0.197457 0.174000
0 0.937103 0.576086 0.125133 0.195750
0 0.512244 0.647268 0.333907 0.226981
0 0.797903 0.812229 0.226405 0.161607
0 0.850120 0.353991 0.161576 0.098400
0 0.400591 0.737979 0.373254 0.184440