0 0.3515625 0.490625 0.17734375 0.19921875
0 0.51015625 0.37890625 0.09609375 0.1171875
0 0.4171875 0.41328125 0.078125 0.16875
0 0.66484375 0.29765625 0.1359375 0.1671875
0 0.57421875 0.52578125 0.11015625 0.165625
0 0.67578125 0.4875 0.08828125 0.13203125
0 0.76640625 0.5703125 0.10703125 0.140625
0 0.87734375 0.54453125 0.0921875 0.1546875
0 0.66328125 0.66015625 0.10390625 0.11875
0 0.54296875 0.675 0.1328125 0.13671875
0 0.49765625 0.78203125 0.1140625 0.22578125
0 0.2875 0.67578125 0.09296875 0.1546875
0 0.2265625 0.490625 0.06796875 0.18203125
0 0.1921875 0.346875 0.08671875 0.11015625
0 0.42265625 0.08515625 0.09375 0.1390625
0 0.778125 0.03984375 0.121875 0.0796875
