0 0.541667 0.365278 0.157292 0.254167
0 0.850521 0.444097 0.120833 0.249306
0 0.521875 0.220486 0.128125 0.159028
0 0.421875 0.922569 0.104167 0.154861
0 0.840104 0.707639 0.141667 0.212500
0 0.185677 0.279514 0.090104 0.136806
0 0.792188 0.293750 0.126042 0.229167
0 0.100781 0.845139 0.158854 0.265278
0 0.417708 0.729861 0.087500 0.166667
0 0.545833 0.790278 0.061458 0.183333
0 0.095312 0.676736 0.141667 0.185417
0 0.474740 0.840625 0.073438 0.115972
0 0.349219 0.265278 0.057813 0.115278
0 0.545312 0.552083 0.061458 0.055556
0 0.703385 0.347917 0.097396 0.120833
0 0.506510 0.321528 0.060937 0.104167
0 0.323698 0.409028 0.172396 0.209722
0 0.097917 0.426042 0.171875 0.145139
