0 0.386198 0.885156 0.042188 0.034375
0 0.239583 0.069727 0.042708 0.033984
0 0.820573 0.778711 0.055729 0.041016
0 0.501302 0.199805 0.038021 0.031641
0 0.740625 0.725391 0.059375 0.043750
0 0.917969 0.446875 0.066146 0.063281
0 0.817708 0.723047 0.041667 0.039062
0 0.439323 0.440430 0.058854 0.045703
0 0.560417 0.019336 0.044792 0.031641
0 0.687760 0.244531 0.058854 0.059375
0 0.503385 0.527344 0.043229 0.029687
0 0.454688 0.488672 0.052083 0.046094
0 0.845052 0.640234 0.068229 0.053125
0 0.710938 0.540234 0.048958 0.050000
0 0.703646 0.319141 0.038542 0.057031
0 0.583073 0.516211 0.073438 0.073047
0 0.552865 0.497852 0.041146 0.051172
0 0.625521 0.249609 0.053125 0.049219
0 0.465625 0.858789 0.063542 0.049609
0 0.890104 0.751758 0.059375 0.062109
0 0.561458 0.200977 0.035417 0.032422
0 0.713281 0.099414 0.049479 0.038672
0 0.835677 0.847656 0.068229 0.072656
0 0.767448 0.628125 0.049479 0.045312
0 0.901302 0.746680 0.038021 0.050391
0 0.857292 0.684180 0.047917 0.037891
0 0.895833 0.749805 0.046875 0.055078
0 0.287500 0.442188 0.043750 0.044531
0 0.431771 0.624414 0.076042 0.048047
0 0.418490 0.384766 0.047396 0.033594
0 0.265104 0.038477 0.045833 0.033203
0 0.623958 0.446289 0.073958 0.058203
0 0.909635 0.283594 0.089063 0.060937
0 0.784375 0.667578 0.045833 0.043750
0 0.507812 0.443555 0.042708 0.055859
0 0.820573 0.654102 0.052604 0.046484
0 0.763802 0.893750 0.063021 0.050781
0 0.639844 0.398242 0.069271 0.033203
0 0.333073 0.465625 0.039062 0.039062
0 0.645573 0.507422 0.039062 0.039844
0 0.725260 0.453516 0.046354 0.046875
