0 0.51953125 0.8171875 0.26328125 0.19921875
0 0.675 0.9 0.2375 0.15703125
0 0.7921875 0.71328125 0.36171875 0.184375
0 0.5109375 0.6609375 0.259375 0.1234375
0 0.3109375 0.74921875 0.21953125 0.11171875
0 0.36015625 0.9078125 0.28359375 0.1734375
0 0.31484375 0.6203125 0.234375 0.1375
0 0.1609375 0.63984375 0.2625 0.184375
0 0.22421875 0.4171875 0.2125 0.14140625
0 0.4703125 0.51015625 0.19921875 0.1265625
0 0.61484375 0.41640625 0.2 0.19609375
0 0.73046875 0.3515625 0.1640625 0.13515625
0 0.825 0.45859375 0.23359375 0.1828125
0 0.803125 0.22421875 0.2203125 0.14375
0 0.55703125 0.10390625 0.2515625 0.13046875
0 0.38828125 0.184375 0.23984375 0.1328125
0 0.54453125 0.27109375 0.259375 0.178125
0 0.221875 0.2171875 0.14921875 0.115625
0 0.284375 0.0890625 0.1359375 0.1265625
