0 0.183750 0.317837 0.115000 0.065427
0 0.918750 0.498967 0.100000 0.059917
0 0.428750 0.490358 0.115000 0.060606
0 0.641250 0.323347 0.062500 0.043388
0 0.396250 0.875689 0.132500 0.075069
0 0.300000 0.372934 0.110000 0.055785
0 0.317500 0.824036 0.095000 0.064050
0 0.338750 0.450413 0.122500 0.073003
0 0.484375 0.327135 0.098750 0.056474
0 0.476250 0.221074 0.065000 0.055096
0 0.846250 0.447658 0.117500 0.068871
0 0.095625 0.934917 0.126250 0.077824
0 0.511250 0.483127 0.067500 0.053030
0 0.481875 0.147727 0.091250 0.053030
0 0.481875 0.454890 0.093750 0.054408
0 0.638125 0.544766 0.101250 0.061983
0 0.400625 0.385331 0.096250 0.058540
0 0.408125 0.565427 0.108750 0.059229
0 0.729375 0.490014 0.121250 0.059917
0 0.516875 0.775482 0.146250 0.079890
0 0.505625 0.393595 0.103750 0.046143
0 0.724375 0.591253 0.103750 0.046143
0 0.516250 0.190427 0.070000 0.043388
0 0.346250 0.337466 0.060000 0.038567
0 0.714375 0.521350 0.081250 0.059229
0 0.490625 0.522727 0.066250 0.050964
