0 0.484896 0.601852 0.066667 0.118519
0 0.156510 0.443519 0.071354 0.135185
0 0.846875 0.384259 0.077083 0.146296
0 0.287500 0.472222 0.080208 0.144444
0 0.869271 0.487037 0.062500 0.098148
0 0.163802 0.642130 0.049479 0.104630
0 0.021354 0.488426 0.040625 0.078704
0 0.230208 0.321296 0.051042 0.122222
0 0.772135 0.332870 0.049479 0.112037
0 0.408333 0.620370 0.055208 0.103704
0 0.422917 0.522685 0.039583 0.071296
0 0.034635 0.800926 0.060937 0.127778
0 0.923958 0.464352 0.057292 0.115741
0 0.717448 0.341204 0.049479 0.080556
0 0.745573 0.467130 0.049479 0.089815
0 0.935937 0.358333 0.062500 0.114815
0 0.063542 0.430093 0.045833 0.087963
0 0.640104 0.350463 0.035417 0.071296
0 0.537240 0.517593 0.030729 0.116667
0 0.983594 0.912500 0.031771 0.082407
0 0.881771 0.639352 0.030208 0.076852
0 0.094531 0.482870 0.040104 0.063889
0 0.383594 0.440741 0.035937 0.081481
0 0.306250 0.363426 0.039583 0.054630