0 0.199740 0.621739 0.090104 0.133913
0 0.570052 0.123478 0.035937 0.062609
0 0.925000 0.786957 0.052083 0.092174
0 0.590104 0.201304 0.032292 0.054783
0 0.142187 0.773478 0.077083 0.134783
0 0.801042 0.140000 0.033333 0.062609
0 0.834635 0.090435 0.036979 0.057391
0 0.090625 0.913478 0.090625 0.140000
0 0.531771 0.717391 0.059375 0.104348
0 0.391927 0.708696 0.058854 0.132174
0 0.109635 0.584348 0.075521 0.109565
0 0.244531 0.799130 0.044271 0.092174
0 0.497396 0.213478 0.029167 0.070435
0 0.285938 0.706522 0.086458 0.115652
0 0.137240 0.948696 0.100521 0.102609
0 0.736719 0.466087 0.079687 0.111304
0 0.308073 0.336087 0.065104 0.120870
0 0.785677 0.063913 0.046354 0.070435
0 0.236458 0.499130 0.053125 0.104348
0 0.019531 0.636522 0.038021 0.090435
0 0.648958 0.951739 0.081250 0.096522
0 0.053385 0.393043 0.082812 0.114783
0 0.874740 0.035652 0.043229 0.055652
0 0.055208 0.800000 0.079167 0.102609
0 0.087240 0.195652 0.073438 0.095652
0 0.369792 0.270435 0.067708 0.123478
0 0.638281 0.600435 0.097396 0.124348
0 0.389323 0.560000 0.051562 0.073043
0 0.482031 0.757826 0.044271 0.080870
0 0.679688 0.840870 0.086458 0.130435
0 0.657031 0.493043 0.089063 0.135652
