0 0.5921041666666667 0.24822777777777777 0.11071180555555557 0.13164444444444445
0 0.7228923611111111 0.3132611111111111 0.12076388888888889 0.16885
0 0.5929722222222222 0.39038333333333336 0.12286805555555556 0.13262222222222222
0 0.46361458333333333 0.40242222222222224 0.05859375 0.12892222222222222
0 0.5281388888888888 0.4348111111111111 0.07971875 0.16186111111111112
0 0.7370868055555555 0.6015444444444444 0.08470486111111111 0.2049388888888889
0 0.8541284722222222 0.7668111111111111 0.12738888888888888 0.2256388888888889
0 0.8803333333333334 0.36769444444444443 0.08994791666666667 0.13168888888888888
0 0.96759375 0.4174777777777778 0.06481597222222221 0.15625
0 0.8717951388888889 0.5538444444444445 0.10586111111111111 0.1651
0 0.9568645833333334 0.8330277777777778 0.08511458333333333 0.2043111111111111
0 0.1671388888888889 0.2919888888888889 0.1305763888888889 0.13860555555555557
0 0.25916319444444447 0.2047 0.10629166666666667 0.13347777777777778
0 0.3394548611111111 0.37947777777777775 0.12722569444444445 0.15308333333333335
0 0.22516319444444446 0.5026833333333334 0.11988541666666666 0.2044388888888889
0 0.15265625 0.6529 0.1136701388888889 0.24235
0 0.07959722222222222 0.5084666666666666 0.0891736111111111 0.16878333333333334
0 0.07755902777777778 0.3949888888888889 0.14407291666666666 0.13594444444444445