0 0.436458 0.307407 0.054167 0.114815
0 0.413281 0.817130 0.068229 0.121296
0 0.389844 0.670833 0.058854 0.108333
0 0.338281 0.488426 0.045312 0.086111
0 0.324740 0.814815 0.068229 0.116667
0 0.231250 0.556944 0.039583 0.084259
0 0.095833 0.761111 0.052083 0.096296
0 0.144271 0.813426 0.055208 0.113889
0 0.168229 0.581944 0.041667 0.080556
0 0.405990 0.489815 0.051562 0.118519
0 0.455729 0.721759 0.046875 0.108333
0 0.206250 0.699074 0.039583 0.079630
0 0.557292 0.345833 0.057292 0.076852
0 0.264062 0.479630 0.041667 0.061111
0 0.309635 0.702778 0.046354 0.101852
0 0.948177 0.841667 0.031771 0.075926
0 0.313542 0.592130 0.038542 0.080556
0 0.522917 0.272222 0.060417 0.074074
0 0.360417 0.590741 0.038542 0.087037
0 0.046094 0.800463 0.039062 0.106481