0 0.413802 0.818056 0.070312 0.121296
0 0.389583 0.673611 0.059375 0.106481
0 0.337760 0.489815 0.046354 0.087037
0 0.434896 0.314352 0.054167 0.108333
0 0.324219 0.817130 0.068229 0.115741
0 0.144531 0.815278 0.053646 0.113889
0 0.097135 0.761111 0.053646 0.096296
0 0.230469 0.556481 0.038021 0.083333
0 0.404687 0.490741 0.054167 0.120370
0 0.455990 0.723611 0.046354 0.108333
0 0.169792 0.582870 0.041667 0.082407
0 0.556510 0.347685 0.056771 0.078704
0 0.261979 0.480556 0.041667 0.061111
0 0.309115 0.706944 0.047396 0.099074
0 0.206510 0.700000 0.036979 0.074074
0 0.311198 0.594907 0.036979 0.084259
0 0.526302 0.273611 0.065104 0.073148
0 0.044531 0.802315 0.040104 0.106481
0 0.947396 0.840741 0.030208 0.075926
0 0.360938 0.594907 0.039583 0.084259