0 0.488026 0.558691 0.105079 0.166709
0 0.677022 0.788726 0.065497 0.154430
0 0.683568 0.545540 0.077476 0.115808
0 0.582655 0.448031 0.091697 0.154304
0 0.442692 0.418897 0.090361 0.130389
0 0.318990 0.257987 0.085324 0.138604
0 0.782729 0.826191 0.079539 0.170854
0 0.428659 0.178319 0.085332 0.116611
0 0.890356 0.889878 0.065887 0.140944
0 0.762961 0.952497 0.097745 0.095005
0 0.522746 0.301612 0.090752 0.115655
0 0.178735 0.130354 0.080928 0.118322
0 0.241160 0.260295 0.075742 0.096575
0 0.164542 0.277762 0.075186 0.126461
0 0.109010 0.376654 0.057257 0.124957
0 0.666702 0.961955 0.081016 0.076090
