0 0.6671875 0.440625 0.06640625 0.1234375
0 0.603125 0.4609375 0.05625 0.1046875
0 0.89296875 0.678125 0.07578125 0.109375
0 0.93203125 0.82734375 0.0625 0.11015625
0 0.8421875 0.80625 0.0515625 0.0984375
0 0.7671875 0.74921875 0.04375 0.11484375
0 0.81953125 0.86484375 0.06328125 0.0875
0 0.8828125 0.425 0.06484375 0.140625
0 0.76953125 0.384375 0.053125 0.10546875
0 0.62734375 0.27265625 0.06875 0.14765625
0 0.56171875 0.3546875 0.04609375 0.15625
0 0.15234375 0.46484375 0.06875 0.13125
0 0.19140625 0.59765625 0.10859375 0.08671875
