0 0.057500 0.491729 0.059000 0.090226
0 0.601000 0.097744 0.066000 0.078195
0 0.389500 0.535338 0.037000 0.057143
0 0.833000 0.406015 0.080000 0.105263
0 0.352500 0.738346 0.109000 0.156391
0 0.725500 0.527820 0.077000 0.132331
0 0.385000 0.542105 0.032000 0.061654
0 0.358000 0.043609 0.076000 0.084211
0 0.845000 0.578195 0.092000 0.133835
0 0.962000 0.536842 0.076000 0.114286
0 0.432000 0.633835 0.084000 0.085714
0 0.605500 0.182707 0.037000 0.043609
0 0.969000 0.318045 0.062000 0.091729
0 0.144500 0.104511 0.037000 0.076692
0 0.582500 0.467669 0.059000 0.081203
0 0.438500 0.096992 0.069000 0.118797
0 0.518500 0.207519 0.033000 0.069173
0 0.323000 0.171429 0.082000 0.138346
0 0.739000 0.607519 0.042000 0.075188
0 0.681500 0.450376 0.073000 0.112782
0 0.595000 0.372180 0.060000 0.079699
0 0.517000 0.314286 0.032000 0.081203
