0 0.418750 0.517187 0.103125 0.114063
0 0.521875 0.444531 0.117969 0.199219
0 0.458594 0.656250 0.129687 0.156250
0 0.590625 0.534375 0.117969 0.150781
0 0.569531 0.695312 0.088281 0.128906
0 0.695312 0.671094 0.093750 0.106250
0 0.679688 0.575000 0.082031 0.092969
0 0.843750 0.201563 0.070312 0.115625
0 0.820312 0.301562 0.106250 0.117188
0 0.834375 0.428906 0.107813 0.104688
0 0.924219 0.276563 0.089062 0.113281
0 0.930469 0.128125 0.098438 0.119531
0 0.972656 0.272656 0.053906 0.158594
0 0.953125 0.443750 0.093750 0.130469
0 0.767969 0.631250 0.060938 0.100781
0 0.829687 0.625781 0.066406 0.087500
0 0.900000 0.719531 0.075781 0.144531
0 0.819531 0.775000 0.075000 0.113281
0 0.950000 0.727344 0.100000 0.173437
0 0.958594 0.897656 0.062500 0.130469
0 0.584375 0.167969 0.080469 0.077344
0 0.740625 0.092969 0.095312 0.098438
0 0.660937 0.097656 0.073437 0.074219
0 0.700781 0.189063 0.082031 0.111719
