0 0.4950142857142857 0.579271948608137 0.2370142857142857 0.40957173447537476
0 0.7180285714285715 0.7067665952890793 0.21028571428571427 0.27762312633832975
0 0.6923285714285714 0.40601713062098505 0.11545714285714284 0.18867237687366167
0 0.8259857142857143 0.4392933618843683 0.16962857142857143 0.24728051391862957
0 0.9363428571428573 0.2715631691648822 0.1273 0.19100642398286938
0 0.9625428571428571 0.7249036402569593 0.07491428571428571 0.34109207708779443
0 0.5123142857142857 0.9356316916488223 0.23924285714285715 0.1287152034261242
0 0.21052857142857143 0.6111563169164883 0.16328571428571428 0.30203426124197
0 0.32625714285714286 0.24967880085653105 0.19855714285714288 0.29569593147751605
0 0.5689857142857143 0.19614561027837257 0.23258571428571428 0.2999571734475375
0 0.21941428571428573 0.08214132762312634 0.16582857142857144 0.13762312633832977