0 0.3832428571428571 0.43910064239828694 0.13538571428571428 0.149186295503212
0 0.5181857142857144 0.5064453961456102 0.09668571428571429 0.13826552462526764
0 0.44198571428571426 0.5611777301927194 0.1081 0.14494646680942183
0 0.38674285714285717 0.6856316916488223 0.1157 0.16261241970021412
0 0.4872142857142857 0.727237687366167 0.12335714285714285 0.139593147751606
0 0.5839 0.6071092077087794 0.12908571428571428 0.1768522483940043
0 0.7589999999999999 0.6032548179871521 0.1017 0.14488222698072806
0 0.7071000000000001 0.4888222698072805 0.08974285714285714 0.14873661670235544
0 0.806142857142857 0.44905781584582444 0.1312142857142857 0.1335117773019272
0 0.8512285714285714 0.5797002141327624 0.12104285714285715 0.12633832976445397
0 0.814557142857143 0.7177301927194861 0.10485714285714287 0.15865096359743042
0 0.5753285714285714 0.26657387580299785 0.08907142857142858 0.14959314775160598
0 0.4724714285714286 0.2365952890792291 0.08142857142857143 0.14100642398286936
0 0.3759428571428572 0.3003640256959315 0.10554285714285713 0.15436830835117774
0 0.2991142857142857 0.2710920770877944 0.13854285714285716 0.12723768736616703
0 0.2341857142857143 0.06381156316916488 0.10581428571428571 0.11524625267665953