0 0.54296875 0.634375 0.1140625 0.1296875
0 0.48203125 0.54453125 0.09921875 0.1796875
0 0.64453125 0.5171875 0.1421875 0.14375
0 0.53515625 0.43828125 0.1234375 0.134375
0 0.56875 0.24765625 0.1015625 0.134375
0 0.64453125 0.340625 0.11640625 0.08671875
0 0.7734375 0.36328125 0.0953125 0.08359375
0 0.7109375 0.49609375 0.096875 0.11875
0 0.3578125 0.81796875 0.1 0.15078125
0 0.45703125 0.8046875 0.0953125 0.19375
0 0.24453125 0.78515625 0.10078125 0.11953125
0 0.14140625 0.67421875 0.11015625 0.0859375
0 0.06953125 0.56953125 0.1390625 0.13359375
0 0.23046875 0.55 0.11171875 0.128125
0 0.309375 0.6140625 0.121875 0.134375
0 0.29140625 0.28984375 0.071875 0.15546875
0 0.3203125 0.40234375 0.1203125 0.15546875
0 0.18515625 0.109375 0.078125 0.16796875
0 0.39609375 0.05703125 0.15390625 0.0875
0 0.47421875 0.21171875 0.10859375 0.11328125
