0 0.128717 0.469347 0.137787 0.187718
0 0.259436 0.224366 0.118327 0.135834
0 0.487528 0.497003 0.133059 0.210130
0 0.434526 0.339855 0.119872 0.174257
0 0.348067 0.473961 0.120872 0.210118
0 0.259463 0.552145 0.113919 0.187210
0 0.584299 0.311173 0.125033 0.189887
0 0.648912 0.762166 0.134616 0.195213
0 0.766607 0.689330 0.139178 0.203492
0 0.614157 0.159663 0.127943 0.150163
0 0.808855 0.331533 0.095909 0.192465
0 0.165451 0.317200 0.129193 0.149118
0 0.693284 0.331613 0.123005 0.198346
0 0.428303 0.655980 0.135925 0.223772
0 0.306719 0.705692 0.146516 0.187188
0 0.322025 0.329306 0.095648 0.150055
0 0.576848 0.582219 0.101367 0.126620
0 0.526585 0.734007 0.093207 0.201076
