0 0.383594 0.439063 0.135156 0.149219
0 0.517969 0.506250 0.096875 0.138281
0 0.442187 0.560938 0.107813 0.145313
0 0.386719 0.685938 0.115625 0.162500
0 0.487500 0.727344 0.123438 0.139844
0 0.583594 0.607031 0.128906 0.176563
0 0.759375 0.603125 0.101562 0.144531
0 0.707031 0.489062 0.089844 0.148438
0 0.806250 0.449219 0.131250 0.133594
0 0.851562 0.579687 0.121094 0.126562
0 0.814844 0.717969 0.104687 0.158594
0 0.575000 0.266406 0.089062 0.149219
0 0.472656 0.236719 0.081250 0.140625
0 0.375781 0.300000 0.105469 0.154688
0 0.299219 0.271094 0.138281 0.127344
0 0.234375 0.064063 0.105469 0.115625
