0 0.503646 0.438287 0.142708 0.114190
0 0.362500 0.792191 0.171875 0.160369
0 0.277865 0.876784 0.167187 0.135600
0 0.363802 0.463476 0.160938 0.131822
0 0.480990 0.802687 0.152604 0.130143
0 0.216406 0.734467 0.141146 0.128044
0 0.561979 0.687657 0.136458 0.125945
0 0.466927 0.688707 0.107813 0.097817
0 0.125781 0.342149 0.064062 0.052057
0 0.135417 0.548069 0.073958 0.051637
0 0.615885 0.503149 0.089063 0.081024
0 0.484115 0.204870 0.102604 0.099076
0 0.644531 0.594878 0.151562 0.109992
0 0.619792 0.243703 0.098958 0.080185
0 0.460677 0.525609 0.101562 0.091520
0 0.383073 0.195424 0.130729 0.108732
