0 0.5610120192307693 0.2575801282051282 0.11641586538461539 0.12626923076923077
0 0.4159615384615385 0.3406602564102564 0.09554326923076922 0.12897115384615385
0 0.4604230769230769 0.4723397435897436 0.15207211538461538 0.11728525641025642
0 0.5489759615384615 0.5690480769230769 0.13361778846153846 0.10335897435897437
0 0.6671923076923076 0.3999679487179488 0.0787764423076923 0.15784615384615386
0 0.47546394230769234 0.14884615384615385 0.10637740384615384 0.09150000000000001
0 0.3919206730769231 0.19132371794871794 0.10996394230769231 0.10273397435897436
0 0.21040625 0.5324679487179487 0.06424038461538462 0.10874038461538461
0 0.28051682692307695 0.5316506410256411 0.08880528846153846 0.082
0 0.22322836538461538 0.443775641025641 0.09469471153846154 0.09160897435897436
0 0.09360336538461538 0.5420865384615384 0.1022860576923077 0.0980576923076923
0 0.17313701923076924 0.6523942307692308 0.09685576923076923 0.1311121794871795
0 0.2280264423076923 0.6379711538461539 0.08801682692307691 0.10012820512820512
0 0.29994951923076923 0.7039551282051283 0.10042067307692308 0.09315705128205128
0 0.3346201923076923 0.847698717948718 0.09151682692307692 0.1238173076923077
0 0.8222596153846153 0.8501025641025641 0.07160096153846154 0.10618910256410256
0 0.9031875 0.9342564102564103 0.09827163461538461 0.1302628205128205
0 0.7946129807692308 0.9561955128205128 0.1028485576923077 0.08760576923076922
0 0.9476754807692308 0.666573717948718 0.07724278846153845 0.10131089743589743
0 0.9785649038461538 0.5728076923076924 0.042867788461538464 0.10287820512820513
0 0.7112596153846155 0.3793717948717949 0.06385817307692307 0.1429679487179487
0 0.8358822115384615 0.2319294871794872 0.07000240384615385 0.10702564102564104
0 0.9176129807692308 0.18516025641025644 0.09345913461538462 0.09869551282051282
0 0.08979807692307692 0.9088717948717948 0.07783413461538462 0.09552564102564103
0 0.19918028846153846 0.8212275641025641 0.039942307692307694 0.14386858974358974