0 0.686198 0.768735 0.150521 0.224201
0 0.460417 0.741400 0.153125 0.233415
0 0.562500 0.509521 0.101042 0.176290
0 0.441927 0.394656 0.125521 0.157862
0 0.315625 0.484029 0.122917 0.115479
0 0.551302 0.364865 0.117188 0.116708
0 0.304948 0.731572 0.161979 0.224816
0 0.447396 0.155713 0.119792 0.141892
0 0.652604 0.441953 0.126042 0.159091
0 0.637500 0.615786 0.092708 0.155405
0 0.544792 0.753071 0.105208 0.194103
0 0.571615 0.163391 0.104688 0.164619
0 0.177344 0.708845 0.124479 0.205160
0 0.453906 0.579238 0.117188 0.140049
0 0.619010 0.091830 0.063021 0.080467
0 0.526042 0.754914 0.145833 0.223587
