0 0.37734375 0.4453125 0.17890625 0.2046875
0 0.49296875 0.32734375 0.109375 0.1296875
0 0.69453125 0.359375 0.19296875 0.27578125
0 0.85234375 0.50703125 0.14140625 0.26328125
0 0.7390625 0.5859375 0.215625 0.21953125
0 0.51484375 0.7640625 0.20234375 0.20859375
0 0.42265625 0.87421875 0.21796875 0.23359375
0 0.84921875 0.94375 0.20625 0.11171875
0 0.1875 0.6 0.18125 0.20546875
0 0.23671875 0.40546875 0.15625 0.14921875
0 0.065625 0.48984375 0.09453125 0.22578125
0 0.07734375 0.68671875 0.11484375 0.2015625
0 0.56015625 0.2234375 0.1515625 0.08671875
