0 0.813477 0.631313 0.126953 0.081585
0 0.325195 0.648796 0.074219 0.049728
0 0.728027 0.745532 0.094727 0.089355
0 0.499023 0.792929 0.066406 0.056721
0 0.699219 0.466200 0.085938 0.060606
0 0.870117 0.752525 0.111328 0.095571
0 0.678711 0.581974 0.089844 0.062160
0 0.250488 0.753302 0.069336 0.058275
0 0.602539 0.653846 0.107422 0.066045
0 0.359863 0.705905 0.084961 0.048951
0 0.469238 0.857420 0.059570 0.058275
0 0.259766 0.690754 0.070312 0.059052
0 0.605957 0.535742 0.077148 0.064491
0 0.273926 0.397824 0.055664 0.041958
0 0.488770 0.663947 0.122070 0.061383
0 0.714844 0.386558 0.076172 0.056721
0 0.840332 0.498834 0.069336 0.065268
0 0.296387 0.346931 0.047852 0.048951
0 0.177734 0.539239 0.085938 0.073038
0 0.468750 0.543512 0.056641 0.059829
0 0.611816 0.805750 0.086914 0.060606
