0 0.630000 0.270000 0.104444 0.113333
0 0.744444 0.286667 0.093333 0.093333
0 0.683333 0.691667 0.082222 0.130000
0 0.447778 0.630000 0.086667 0.093333
0 0.198889 0.550000 0.095556 0.086667
0 0.718889 0.425000 0.073333 0.130000
0 0.730000 0.210000 0.082222 0.086667
0 0.323333 0.560000 0.095556 0.080000
0 0.638889 0.443333 0.108889 0.126667
0 0.312222 0.658333 0.068889 0.076667
0 0.843333 0.278333 0.064444 0.116667
0 0.863333 0.393333 0.068889 0.100000
0 0.532222 0.346667 0.095556 0.106667
0 0.531111 0.300000 0.053333 0.080000
0 0.585556 0.233333 0.060000 0.093333
