0 0.126563 0.375781 0.082031 0.158594
0 0.216406 0.371094 0.075781 0.134375
0 0.294531 0.630469 0.071094 0.129688
0 0.244531 0.541406 0.067969 0.074219
0 0.403125 0.638281 0.110156 0.107813
0 0.355469 0.518750 0.072656 0.115625
0 0.379687 0.391406 0.084375 0.125000
0 0.431250 0.407031 0.059375 0.197656
0 0.443750 0.413281 0.089844 0.128125
0 0.489063 0.514844 0.082813 0.099219
0 0.643750 0.680469 0.114844 0.175781
0 0.554688 0.682031 0.078906 0.172656
0 0.756250 0.728125 0.082813 0.143750
0 0.789844 0.604688 0.074219 0.126562
0 0.663281 0.562500 0.111719 0.118750
0 0.723437 0.303125 0.058594 0.141406
0 0.640625 0.298438 0.078125 0.129687
0 0.565625 0.179688 0.108594 0.202344
0 0.546094 0.391406 0.128125 0.141406
