0 0.689063 0.770833 0.184375 0.233333
0 0.548438 0.692708 0.146875 0.218750
0 0.699219 0.415625 0.148438 0.218750
0 0.321094 0.708333 0.170313 0.208333
0 0.428906 0.267708 0.154688 0.185417
0 0.432031 0.611458 0.107813 0.222917
0 0.910937 0.664583 0.153125 0.162500
0 0.550781 0.291667 0.139063 0.200000
0 0.307812 0.521875 0.178125 0.202083
0 0.160938 0.928125 0.206250 0.143750
0 0.697656 0.618750 0.135937 0.158333
0 0.578906 0.458333 0.145313 0.183333
0 0.753125 0.278125 0.128125 0.218750
0 0.575000 0.872917 0.115625 0.162500
