0 0.824583 0.263125 0.060833 0.091250
0 0.732083 0.625625 0.075833 0.078750
0 0.519583 0.675625 0.059167 0.076250
0 0.562917 0.761875 0.049167 0.078750
0 0.797083 0.738750 0.044167 0.072500
0 0.835417 0.764375 0.030833 0.078750
0 0.867083 0.766875 0.039167 0.083750
0 0.432917 0.790625 0.050833 0.073750
0 0.476667 0.837500 0.038333 0.070000
0 0.524167 0.854375 0.060000 0.091250
0 0.927083 0.147500 0.064167 0.070000
0 0.928750 0.051250 0.070833 0.060000
0 0.797917 0.172500 0.042500 0.067500
0 0.705417 0.440625 0.055833 0.091250
0 0.780000 0.475000 0.053333 0.077500
0 0.824583 0.420000 0.044167 0.090000
0 0.829167 0.333125 0.038333 0.073750
0 0.897917 0.279375 0.052500 0.096250
0 0.893750 0.420625 0.064167 0.081250
0 0.832083 0.521250 0.050833 0.077500
0 0.770000 0.569375 0.065000 0.088750
0 0.773333 0.210625 0.036667 0.076250
0 0.782083 0.299375 0.035833 0.063750
0 0.691667 0.381250 0.060000 0.077500
0 0.491667 0.741250 0.048333 0.057500
0 0.706667 0.572500 0.065000 0.062500
