0 0.078667 0.074167 0.061333 0.083333
0 0.554667 0.517917 0.158667 0.244167
0 0.408667 0.359583 0.129333 0.199167
0 0.548000 0.288333 0.141333 0.188333
0 0.192333 0.719167 0.104667 0.201667
0 0.417333 0.567083 0.136000 0.210833
0 0.678000 0.441250 0.132000 0.212500
0 0.038667 0.146250 0.061333 0.089167
0 0.286000 0.600833 0.104000 0.203333
0 0.318333 0.913750 0.163333 0.169167
0 0.865000 0.051667 0.068667 0.086667
0 0.125667 0.144583 0.042000 0.075833
0 0.736000 0.535833 0.090667 0.183333
0 0.273000 0.449583 0.096667 0.134167
0 0.102333 0.430417 0.080667 0.114167
0 0.513000 0.677500 0.139333 0.198333
