0 0.195573 0.715741 0.045312 0.100000
0 0.507292 0.713889 0.065625 0.105556
0 0.505990 0.836574 0.058854 0.108333
0 0.826302 0.394444 0.084896 0.155556
0 0.213542 0.592593 0.044792 0.074074
0 0.412760 0.571759 0.058854 0.100926
0 0.482031 0.590278 0.050521 0.100926
0 0.415365 0.743519 0.049479 0.109259
0 0.326042 0.845370 0.058333 0.109259
0 0.371875 0.954167 0.062500 0.091667
0 0.766927 0.712037 0.082812 0.144444
0 0.571875 0.763889 0.042708 0.087037
0 0.447396 0.891667 0.044792 0.111111
0 0.272135 0.863889 0.051562 0.111111
0 0.325521 0.675463 0.052083 0.093519
0 0.460417 0.792130 0.043750 0.087963
0 0.205469 0.834722 0.054688 0.084259
0 0.017188 0.374074 0.034375 0.098148
0 0.313281 0.940741 0.057813 0.098148
0 0.285156 0.660648 0.028646 0.056481
0 0.156510 0.825463 0.043229 0.093519
0 0.984375 0.332870 0.030208 0.119444
0 0.693490 0.497222 0.056771 0.114815
0 0.633854 0.369444 0.047917 0.053704
0 0.698698 0.486111 0.055729 0.122222
0 0.366927 0.643981 0.035937 0.089815
0 0.481250 0.443981 0.040625 0.065741
0 0.985938 0.780556 0.028125 0.070370