0 0.191091 0.221042 0.147525 0.179167
0 0.244675 0.603290 0.090277 0.176904
0 0.507006 0.716680 0.140181 0.238186
0 0.546929 0.512920 0.128779 0.165087
0 0.085102 0.357434 0.135595 0.183368
0 0.300146 0.303103 0.139416 0.184328
0 0.675953 0.459304 0.143031 0.185826
0 0.494741 0.336981 0.132391 0.154198
0 0.298639 0.137929 0.127664 0.151046
0 0.608872 0.372704 0.085310 0.155299
0 0.224462 0.428589 0.137984 0.123324
0 0.385960 0.699930 0.115220 0.200273
0 0.657976 0.569655 0.126319 0.144056
0 0.125847 0.106228 0.122988 0.118040
0 0.399043 0.191065 0.093222 0.168732
0 0.785457 0.308979 0.080463 0.092422
