0 0.100781 0.453711 0.103646 0.130859
0 0.193490 0.503125 0.080729 0.132812
0 0.370182 0.459961 0.114844 0.143359
0 0.288802 0.619922 0.083854 0.168750
0 0.415104 0.625977 0.105729 0.175391
0 0.536849 0.633594 0.104427 0.167187
0 0.640104 0.641992 0.081771 0.152734
0 0.930469 0.683789 0.084375 0.124609
0 0.874219 0.563867 0.105729 0.124609
0 0.844792 0.410352 0.070833 0.134766
0 0.579167 0.477930 0.102083 0.150391
0 0.583333 0.474023 0.096875 0.142578
0 0.669271 0.455859 0.081250 0.147656
0 0.122786 0.623242 0.097656 0.167578
0 0.596224 0.327539 0.086198 0.112891
0 0.715755 0.308789 0.094010 0.137891
0 0.667057 0.207813 0.069531 0.128125
0 0.855859 0.810742 0.074219 0.137109
