0 0.540625 0.425 0.2203125 0.12421875
0 0.74375 0.2375 0.20390625 0.11875
0 0.6265625 0.1984375 0.13359375 0.14921875
0 0.8625 0.5640625 0.12734375 0.0828125
0 0.87421875 0.678125 0.11796875 0.10234375
0 0.7078125 0.634375 0.125 0.159375
0 0.50546875 0.67109375 0.16875 0.11015625
0 0.43046875 0.82578125 0.22578125 0.13203125
0 0.60234375 0.84765625 0.18203125 0.1359375
0 0.77421875 0.9015625 0.1265625 0.1328125
0 0.20390625 0.62421875 0.2109375 0.0859375
0 0.0578125 0.55625 0.09921875 0.08203125
0 0.671875 0.46875 0.13515625 0.1078125
0 0.8296875 0.44921875 0.11796875 0.08359375
0 0.48125 0.525 0.08671875 0.10546875
0 0.059375 0.81640625 0.0609375 0.1734375
