0 0.597572 0.838585 0.124650 0.126050
0 0.245798 0.681548 0.090103 0.086835
0 0.506303 0.672794 0.148459 0.106793
0 0.348273 0.672094 0.122782 0.100840
0 0.496965 0.290704 0.112512 0.082108
0 0.429272 0.354954 0.084500 0.076856
0 0.375700 0.815214 0.147292 0.117122
0 0.439776 0.738008 0.099907 0.078957
0 0.568277 0.240371 0.095472 0.081232
0 0.457516 0.154412 0.132120 0.077731
0 0.501867 0.574930 0.101774 0.069678
0 0.634570 0.749737 0.113212 0.094713
0 0.412932 0.266719 0.104575 0.091912
0 0.849907 0.112307 0.095705 0.073704
0 0.284080 0.600665 0.105976 0.079132
0 0.404412 0.102066 0.102007 0.066527
0 0.345938 0.474790 0.096639 0.068277
0 0.347689 0.423144 0.076797 0.051821
0 0.431606 0.424982 0.091970 0.054097
0 0.303688 0.897934 0.088702 0.077731
0 0.547736 0.349265 0.116013 0.075630
0 0.572012 0.542980 0.076331 0.075805
0 0.351891 0.256390 0.109477 0.081057
0 0.556139 0.500438 0.077264 0.037290
0 0.723856 0.570466 0.085901 0.048144
0 0.672852 0.594013 0.077264 0.044818
