0 0.682927 0.468208 0.089859 0.161850
0 0.487805 0.689788 0.092426 0.131021
0 0.388960 0.710983 0.092426 0.142582
0 0.403723 0.232177 0.073171 0.109827
0 0.632863 0.588632 0.066752 0.109827
0 0.634146 0.398844 0.066752 0.127168
0 0.276637 0.395954 0.088575 0.136802
0 0.550706 0.526012 0.066752 0.104046
0 0.560334 0.661850 0.075738 0.144509
0 0.453145 0.566474 0.079589 0.131021
0 0.291399 0.086705 0.094994 0.169557
0 0.405648 0.364162 0.079589 0.142582
0 0.100128 0.740848 0.092426 0.117534
0 0.331836 0.263969 0.070603 0.088632
0 0.468549 0.313102 0.053915 0.129094
0 0.198331 0.679191 0.080873 0.113680
0 0.118742 0.271676 0.088575 0.131021
0 0.370988 0.594412 0.066752 0.105973
0 0.526958 0.394027 0.091142 0.113680
0 0.565469 0.280347 0.078306 0.105973
0 0.254172 0.908478 0.069320 0.159923
0 0.032734 0.323699 0.062901 0.134875
0 0.044288 0.249518 0.057766 0.102119
