0 0.531746 0.651173 0.129785 0.109769
0 0.154178 0.397847 0.171569 0.130077
0 0.094071 0.527836 0.157330 0.116947
0 0.619631 0.738533 0.103875 0.090161
0 0.720588 0.605917 0.122316 0.103641
0 0.774393 0.647496 0.121615 0.070903
0 0.595005 0.870011 0.106443 0.093312
0 0.518324 0.746936 0.118814 0.099615
0 0.842904 0.764531 0.099907 0.077731
0 0.738095 0.538078 0.092437 0.059349
0 0.657446 0.537290 0.086601 0.070728
0 0.580065 0.575455 0.105042 0.075980
0 0.290850 0.306723 0.140056 0.091036
0 0.957049 0.822391 0.085434 0.143032
0 0.447479 0.642682 0.095705 0.100840
