0 0.47734375 0.43359375 0.109375 0.2
0 0.3609375 0.446875 0.12109375 0.15078125
0 0.40546875 0.30546875 0.12890625 0.11875
0 0.55703125 0.225 0.11953125 0.13984375
0 0.58046875 0.38046875 0.09140625 0.17890625
0 0.50546875 0.09375 0.18125 0.10078125
0 0.671875 0.15703125 0.05703125 0.165625
0 0.72734375 0.90703125 0.12734375 0.1859375
0 0.61875 0.91953125 0.075 0.1609375
0 0.2828125 0.7171875 0.13125 0.203125
0 0.36484375 0.62734375 0.14765625 0.18125
0 0.42109375 0.78828125 0.09921875 0.19609375
0 0.2984375 0.909375 0.1078125 0.18125
