0 0.026042 0.953241 0.052083 0.091667
0 0.780469 0.266204 0.068229 0.136111
0 0.355208 0.509259 0.066667 0.131481
0 0.109896 0.851389 0.058333 0.113889
0 0.108073 0.691667 0.054688 0.092593
0 0.190885 0.810185 0.058854 0.092593
0 0.316406 0.774074 0.066146 0.133333
0 0.534896 0.556944 0.080208 0.149074
0 0.032813 0.794907 0.057292 0.087963
0 0.191927 0.926852 0.058854 0.109259
0 0.654687 0.814352 0.093750 0.167593
0 0.509375 0.698611 0.079167 0.108333
0 0.937760 0.335185 0.046354 0.116667
0 0.180469 0.700000 0.049479 0.090741
0 0.154688 0.964815 0.050000 0.064815
0 0.480729 0.461574 0.053125 0.095370
0 0.690885 0.422685 0.065104 0.112037
0 0.260417 0.853704 0.044792 0.083333
0 0.467187 0.825463 0.043750 0.091667