0 0.298698 0.330273 0.117188 0.093359
0 0.552865 0.370898 0.109896 0.063672
0 0.311198 0.249414 0.126562 0.075391
0 0.395573 0.313477 0.131771 0.101172
0 0.370052 0.111914 0.115104 0.098047
0 0.472917 0.885156 0.119792 0.075781
0 0.522917 0.114258 0.134375 0.088672
0 0.623437 0.426758 0.152083 0.101953
0 0.498698 0.565234 0.117188 0.097656
0 0.241146 0.727539 0.111458 0.083984
0 0.413021 0.580664 0.116667 0.076953
0 0.633073 0.345313 0.098437 0.062500
0 0.316667 0.786719 0.152083 0.081250
0 0.345833 0.704297 0.104167 0.075000
