0 0.09765625 0.4328125 0.10703125 0.146875
0 0.3546875 0.4625 0.08828125 0.13984375
0 0.28671875 0.58671875 0.1 0.1515625
0 0.41484375 0.62109375 0.0765625 0.18359375
0 0.54609375 0.6328125 0.1140625 0.15
0 0.490625 0.50546875 0.11484375 0.078125
0 0.57109375 0.484375 0.08828125 0.10234375
0 0.65703125 0.4609375 0.071875 0.12734375
0 0.5921875 0.3390625 0.07734375 0.1390625
0 0.66484375 0.19921875 0.0671875 0.12734375
0 0.71015625 0.27890625 0.1 0.1125
0 0.71796875 0.4203125 0.04765625 0.12109375
0 0.8359375 0.39140625 0.09140625 0.11171875
0 0.83984375 0.25234375 0.08515625 0.11875
0 0.8703125 0.57734375 0.08828125 0.1078125
0 0.9328125 0.68671875 0.06796875 0.12265625
0 0.63984375 0.653125 0.0703125 0.16953125
0 0.1125 0.6375 0.125 0.146875
0 0.18671875 0.50390625 0.07578125 0.103125
