0 0.179688 0.903704 0.068750 0.133333
0 0.303906 0.496296 0.060937 0.133333
0 0.736719 0.501852 0.051562 0.129630
0 0.551562 0.535185 0.053125 0.114815
0 0.517188 0.605556 0.053125 0.114815
0 0.093750 0.701852 0.062500 0.129630
0 0.110156 0.833333 0.060937 0.148148
0 0.039844 0.451852 0.070312 0.133333
0 0.396875 0.342593 0.056250 0.137037
0 0.336719 0.392593 0.054688 0.118519
0 0.255469 0.433333 0.054688 0.140741
0 0.367188 0.546296 0.056250 0.122222
0 0.803125 0.448148 0.046875 0.125926
0 0.679688 0.383333 0.056250 0.114815
0 0.713281 0.337037 0.048438 0.088889
0 0.751563 0.316667 0.062500 0.122222
0 0.715625 0.207407 0.068750 0.118519
0 0.647656 0.248148 0.054688 0.111111
0 0.280469 0.268519 0.060937 0.129630
0 0.365625 0.172222 0.078125 0.137037
0 0.198437 0.270370 0.050000 0.155556
0 0.670312 0.600000 0.046875 0.118519
