0 0.368750 0.295312 0.112500 0.174219
0 0.248437 0.319531 0.110937 0.150000
0 0.194531 0.517187 0.138281 0.182812
0 0.244531 0.634375 0.127344 0.187500
0 0.357031 0.468750 0.160156 0.228125
0 0.682031 0.482031 0.100781 0.194531
0 0.582812 0.414062 0.106250 0.164062
0 0.535937 0.597656 0.144531 0.208594
0 0.675000 0.644531 0.097656 0.157812
0 0.565625 0.757812 0.132031 0.173437
0 0.638281 0.890625 0.114844 0.154688
0 0.752344 0.575000 0.067188 0.161719
0 0.353125 0.641406 0.090625 0.114844
0 0.423438 0.693750 0.075781 0.135156
0 0.332812 0.784375 0.091406 0.142187
