0 0.536719 0.800926 0.057813 0.135185
0 0.471094 0.419444 0.072396 0.133333
0 0.631250 0.485185 0.073958 0.140741
0 0.511458 0.544907 0.077083 0.141667
0 0.565104 0.296759 0.064583 0.126852
0 0.726823 0.787500 0.030729 0.060185
0 0.632552 0.260648 0.089063 0.136111
0 0.401823 0.887963 0.060937 0.140741
0 0.894531 0.960648 0.034896 0.060185
0 0.932552 0.945370 0.028646 0.061111
0 0.982031 0.759259 0.034896 0.111111
0 0.752865 0.813889 0.030729 0.055556
0 0.038281 0.137500 0.033854 0.060185
0 0.891927 0.903241 0.031771 0.045370
0 0.986979 0.765278 0.026042 0.102778
0 0.738021 0.410185 0.047917 0.105556
0 0.439844 0.964352 0.079687 0.054630
0 0.081250 0.143056 0.028125 0.052778
0 0.759896 0.082870 0.054167 0.147222
0 0.746875 0.802315 0.028125 0.067593
0 0.695052 0.799074 0.028646 0.050000
0 0.437500 0.979167 0.080208 0.030556