0 0.5921875 0.2484375 0.1109375 0.13203125
0 0.72265625 0.31328125 0.12109375 0.16875
0 0.59296875 0.390625 0.12265625 0.1328125
0 0.46328125 0.40234375 0.05859375 0.12890625
0 0.528125 0.43515625 0.0796875 0.16171875
0 0.73671875 0.6015625 0.084375 0.2046875
0 0.85390625 0.7671875 0.12734375 0.22578125
0 0.88046875 0.36796875 0.08984375 0.13203125
0 0.9671875 0.4171875 0.06484375 0.15703125
0 0.871875 0.55390625 0.10625 0.16484375
0 0.95703125 0.8328125 0.08515625 0.2046875
0 0.1671875 0.2921875 0.13046875 0.13828125
0 0.259375 0.2046875 0.10625 0.13359375
0 0.33984375 0.3796875 0.12734375 0.153125
0 0.225 0.50234375 0.11953125 0.2046875
0 0.15234375 0.653125 0.11328125 0.2421875
0 0.0796875 0.50859375 0.0890625 0.16875
0 0.07734375 0.3953125 0.14375 0.1359375
