0 0.680990 0.310303 0.229167 0.150879
0 0.520182 0.416992 0.160156 0.158203
0 0.695312 0.515869 0.145833 0.106934
0 0.841146 0.379883 0.162760 0.096680
0 0.873047 0.510498 0.144531 0.141113
0 0.370768 0.717529 0.147786 0.108887
0 0.607096 0.737305 0.192057 0.180664
0 0.534180 0.872559 0.182943 0.154297
0 0.370117 0.889893 0.120443 0.138184
0 0.871745 0.769043 0.127604 0.148438
0 0.752930 0.926758 0.124349 0.083984
0 0.593099 0.100830 0.147135 0.111816
0 0.453776 0.073242 0.097656 0.075195
0 0.449219 0.195312 0.134115 0.085938
0 0.197917 0.457520 0.115885 0.045898
0 0.094076 0.560547 0.115234 0.087891
0 0.062174 0.493408 0.070964 0.077637
