0 0.653333 0.516129 0.064444 0.106262
0 0.442222 0.759013 0.055556 0.106262
0 0.388889 0.730550 0.057778 0.091082
0 0.519444 0.746679 0.061111 0.092979
0 0.711667 0.479127 0.041111 0.111954
0 0.744444 0.505693 0.055556 0.119545
0 0.800556 0.559772 0.047778 0.106262
0 0.844444 0.520873 0.046667 0.119545
0 0.648889 0.466793 0.044444 0.083491
0 0.616111 0.539848 0.036667 0.108159
0 0.330000 0.728653 0.028889 0.087287
0 0.362222 0.676471 0.037778 0.074004
0 0.408333 0.666983 0.061111 0.092979
0 0.799444 0.351992 0.052222 0.074004
0 0.430000 0.342505 0.051111 0.074004
0 0.481667 0.208729 0.050000 0.079696
0 0.711111 0.348197 0.060000 0.058824
0 0.667222 0.339658 0.058889 0.045541
0 0.525000 0.200190 0.047778 0.051233
