0 0.195573 0.715278 0.045312 0.099074
0 0.507292 0.713889 0.065625 0.105556
0 0.505990 0.836574 0.058854 0.108333
0 0.826302 0.393981 0.084896 0.156481
0 0.213542 0.592593 0.044792 0.074074
0 0.482031 0.590278 0.050521 0.100926
0 0.412760 0.571759 0.058854 0.100926
0 0.415365 0.744907 0.049479 0.108333
0 0.326042 0.844907 0.058333 0.110185
0 0.371615 0.954167 0.063021 0.091667
0 0.271875 0.863889 0.052083 0.111111
0 0.571875 0.764352 0.042708 0.086111
0 0.447135 0.891667 0.045312 0.112963
0 0.766927 0.712500 0.082812 0.143519
0 0.325260 0.675463 0.052604 0.093519
0 0.460417 0.791204 0.043750 0.087963
0 0.205208 0.835185 0.054167 0.085185
0 0.017188 0.374074 0.034375 0.098148
0 0.313542 0.940278 0.057292 0.099074
0 0.285156 0.660185 0.028646 0.057407
0 0.156510 0.825463 0.043229 0.093519
0 0.984375 0.332870 0.030208 0.119444
0 0.692187 0.497685 0.055208 0.113889
0 0.633333 0.368981 0.047917 0.054630
0 0.366667 0.643056 0.036458 0.089815
0 0.699479 0.484259 0.055208 0.122222
0 0.480990 0.443519 0.040104 0.064815
0 0.050260 0.438889 0.033854 0.070370
0 0.985677 0.780556 0.028646 0.070370