0 0.713193 0.370398 0.063776 0.084605
0 0.028389 0.621714 0.056778 0.119888
0 0.067966 0.446605 0.044949 0.070700
0 0.717009 0.501195 0.077736 0.115077
0 0.092055 0.520205 0.074953 0.093742
0 0.801252 0.566986 0.071530 0.124733
0 0.704999 0.591684 0.098934 0.112746
0 0.297210 0.481169 0.047388 0.074276
0 0.653411 0.431875 0.078938 0.111497
0 0.142567 0.820598 0.056232 0.125090
0 0.173803 0.540995 0.066381 0.090410
0 0.289482 0.728395 0.059101 0.081238
0 0.221347 0.669306 0.047239 0.071696
0 0.357032 0.460842 0.052720 0.084668
