0 0.533621 0.603549 0.120379 0.092981
0 0.557921 0.530353 0.102234 0.073357
0 0.390496 0.294058 0.111563 0.076340
0 0.292688 0.583791 0.131896 0.097363
0 0.241319 0.467888 0.098957 0.070829
0 0.559189 0.467323 0.080847 0.062189
0 0.487455 0.307582 0.105252 0.082565
0 0.289256 0.665521 0.115641 0.093273
0 0.744410 0.539026 0.100790 0.095082
0 0.798577 0.144486 0.100548 0.060070
0 0.169131 0.599280 0.116447 0.075261
0 0.393892 0.731686 0.102708 0.076648
0 0.356414 0.449262 0.112137 0.086401
0 0.835834 0.561784 0.092905 0.066454
0 0.375238 0.380890 0.124055 0.079744
0 0.308194 0.745527 0.087145 0.041080
0 0.127333 0.540214 0.091852 0.075187
0 0.525501 0.406166 0.077440 0.079144
0 0.469552 0.436716 0.108164 0.093064
0 0.202635 0.542492 0.101276 0.082933
0 0.195742 0.923011 0.093130 0.074932
0 0.186226 0.439545 0.077569 0.056690
0 0.894248 0.198817 0.068338 0.065383
0 0.496565 0.701421 0.069685 0.060014
0 0.847393 0.514979 0.096801 0.073927
0 0.709164 0.122630 0.079711 0.055951
0 0.422505 0.663692 0.115306 0.069811
0 0.416976 0.397545 0.074615 0.072227
0 0.239722 0.740950 0.080393 0.076598
0 0.363852 0.624520 0.073834 0.067086
0 0.093042 0.711295 0.083936 0.085315
0 0.113274 0.943485 0.084416 0.072079
0 0.911114 0.546504 0.111391 0.099102
0 0.661772 0.233764 0.074600 0.071234
0 0.215458 0.233070 0.098727 0.069281
0 0.293756 0.349546 0.068440 0.080147
0 0.167106 0.210145 0.066295 0.054533
0 0.336475 0.947055 0.130450 0.070835
0 0.909399 0.693169 0.097771 0.094720
0 0.638109 0.560132 0.080254 0.087309
