0 0.201185 0.681467 0.056259 0.094547
0 0.665565 0.329337 0.058620 0.088615
0 0.405691 0.567355 0.081520 0.126505
0 0.241715 0.758841 0.057509 0.100177
0 0.311166 0.489401 0.072359 0.107327
0 0.701183 0.507569 0.065522 0.122132
0 0.477907 0.215761 0.072639 0.103733
0 0.817602 0.082828 0.066201 0.100839
0 0.177048 0.535357 0.065478 0.098747
0 0.286200 0.811611 0.055310 0.114959
0 0.654896 0.435491 0.070841 0.107868
0 0.872996 0.187097 0.073277 0.102068
0 0.241243 0.578588 0.057619 0.080444
0 0.599295 0.404463 0.063621 0.102766
0 0.690110 0.150024 0.060676 0.090212
0 0.232834 0.516827 0.041999 0.088979
