0 0.639583 0.392188 0.123958 0.209375
0 0.457552 0.360156 0.115104 0.209375
0 0.481771 0.644141 0.133333 0.238281
0 0.350781 0.271484 0.105729 0.150781
0 0.320312 0.165625 0.106250 0.090625
0 0.670312 0.253516 0.128125 0.167969
0 0.669010 0.658984 0.096354 0.153906
0 0.304688 0.533594 0.139583 0.257812
0 0.443490 0.175000 0.096354 0.142187
0 0.074479 0.267969 0.097917 0.156250
0 0.741146 0.418359 0.103125 0.210156
0 0.732031 0.573047 0.084896 0.207031
0 0.537500 0.398047 0.057292 0.117969
0 0.258333 0.288281 0.111458 0.101562
0 0.188021 0.329688 0.071875 0.173437
