0 0.261684 0.790774 0.112071 0.134995
0 0.584153 0.645763 0.089140 0.154115
0 0.493165 0.568539 0.092577 0.113782
0 0.181625 0.707944 0.067416 0.153779
0 0.193232 0.553214 0.071802 0.122944
0 0.561799 0.373913 0.106401 0.110936
0 0.294811 0.500401 0.102066 0.097345
0 0.408011 0.417181 0.080833 0.114483
0 0.123350 0.543628 0.055491 0.155815
0 0.700617 0.571728 0.045718 0.118280
0 0.189905 0.452286 0.109043 0.091647
0 0.323204 0.312314 0.080425 0.071928
0 0.252380 0.260533 0.059146 0.062898
0 0.645517 0.589031 0.042964 0.129556
0 0.320167 0.671647 0.094024 0.097066
