0 0.54280625 0.6344598098530683 0.1140875 0.12995678478824546
0 0.48220625 0.5441745894554884 0.0991375 0.1798703543647364
0 0.6442125 0.5172774416594641 0.14189375 0.14336214347450302
0 0.53516875 0.438038029386344 0.12380625 0.1346931719965428
0 0.568675 0.24785652549697493 0.10124375000000001 0.1346153846153846
0 0.64419375 0.34077787381158164 0.11647500000000001 0.08710458081244599
0 0.77338125 0.3635868625756266 0.09560625 0.08375108038029387
0 0.71123125 0.49614520311149524 0.0967625 0.1183837510803803
0 0.35754375000000005 0.8179256698357822 0.09980625 0.1511581676750216
0 0.45720625 0.8044770959377701 0.09496874999999999 0.19342264477095938
0 0.24450624999999998 0.7847796024200518 0.10081875 0.11945548833189283
0 0.14102499999999998 0.6745548833189283 0.11051875000000001 0.08627484874675885
0 0.0696625 0.5693949870354365 0.139325 0.13328435609334485
0 0.23009374999999999 0.5499308556611927 0.11158125 0.12800345721694037
0 0.30925625 0.6138115816767502 0.1217625 0.13475367329299914
0 0.29155625 0.29012100259291274 0.07200625 0.1557649092480553
0 0.32036875000000004 0.4024978392394123 0.12036875 0.15580812445980985
0 0.18512499999999998 0.10905790838375108 0.07788125 0.16818496110630943
0 0.39591875000000004 0.057182368193604144 0.15363749999999998 0.0874848746758859
0 0.47456875 0.21134831460674158 0.1088625 0.11347450302506482