0 0.413021 0.823611 0.069792 0.121296
0 0.389062 0.677778 0.060417 0.109259
0 0.146615 0.817130 0.055729 0.115741
0 0.455208 0.726389 0.045833 0.106481
0 0.323958 0.819444 0.069792 0.120370
0 0.340104 0.494444 0.047917 0.088889
0 0.232292 0.558796 0.038542 0.084259
0 0.097135 0.763426 0.052604 0.093519
0 0.434896 0.322222 0.056250 0.109259
0 0.403646 0.493981 0.053125 0.117593
0 0.170833 0.585185 0.043750 0.083333
0 0.556510 0.356944 0.054688 0.075000
0 0.310937 0.706481 0.047917 0.101852
0 0.524479 0.281944 0.062500 0.080556
0 0.263281 0.483333 0.041146 0.059259
0 0.206771 0.703704 0.036458 0.070370
0 0.312240 0.595833 0.039062 0.082407
0 0.045312 0.802315 0.041667 0.108333
0 0.945833 0.843519 0.031250 0.083333