0 0.195964 0.301620 0.120573 0.123611
0 0.289974 0.175926 0.086198 0.181481
0 0.350391 0.380556 0.091406 0.223148
0 0.233594 0.514120 0.122917 0.178241
0 0.133333 0.508102 0.092708 0.156944
0 0.183073 0.677083 0.078646 0.223611
0 0.482552 0.375231 0.084375 0.159722
0 0.568490 0.259954 0.127604 0.139352
0 0.694141 0.320370 0.098177 0.174074
0 0.588672 0.399306 0.079427 0.146759
0 0.712760 0.608333 0.091667 0.123148
0 0.849609 0.797454 0.108594 0.251389
0 0.933594 0.421759 0.116667 0.191667
0 0.844661 0.348843 0.098698 0.106944
0 0.849479 0.556481 0.103125 0.198148
0 0.938802 0.853009 0.082812 0.165278
0 0.102604 0.410185 0.081250 0.119444
0 0.476693 0.692130 0.046615 0.125000
