0 0.7296875 0.3953125 0.196875 0.275
0 0.88515625 0.515625 0.17578125 0.2609375
0 0.68203125 0.61796875 0.22421875 0.21015625
0 0.6453125 0.80234375 0.29921875 0.1484375
0 0.4625 0.73515625 0.21875 0.17734375
0 0.2703125 0.83046875 0.26796875 0.2546875
0 0.2578125 0.66328125 0.2421875 0.21171875
0 0.35546875 0.565625 0.240625 0.13828125
0 0.4796875 0.49296875 0.234375 0.25390625
0 0.52109375 0.27890625 0.25 0.2046875
0 0.303125 0.28359375 0.2109375 0.2328125
0 0.44296875 0.11796875 0.2453125 0.16796875
0 0.16171875 0.4265625 0.2171875 0.196875
0 0.12265625 0.60234375 0.18984375 0.24453125
