0 0.370361 0.400944 0.062563 0.097881
0 0.126281 0.817801 0.049671 0.088281
0 0.528150 0.609125 0.082016 0.115787
0 0.583469 0.683315 0.067766 0.129060
0 0.288575 0.735975 0.077283 0.113818
0 0.742102 0.388041 0.070045 0.111663
0 0.550733 0.505807 0.055128 0.089403
0 0.158737 0.891766 0.052147 0.086508
0 0.939726 0.292125 0.076245 0.128472
0 0.682475 0.298392 0.056529 0.101081
0 0.205883 0.664532 0.060966 0.082417
0 0.228595 0.822133 0.040955 0.082898
0 0.204876 0.935887 0.055583 0.097551
0 0.846439 0.109449 0.070558 0.126879
0 0.108042 0.672795 0.053376 0.089269
0 0.604250 0.334109 0.063527 0.092241
0 0.275941 0.583993 0.060032 0.080472
0 0.751796 0.276431 0.058427 0.076997
