0 0.174740 0.145898 0.055729 0.045703
0 0.646094 0.603906 0.077604 0.048438
0 0.058333 0.224414 0.057292 0.044141
0 0.036719 0.747461 0.051562 0.047266
0 0.382292 0.433203 0.048958 0.034375
0 0.746094 0.540039 0.067187 0.044922
0 0.737240 0.590430 0.049479 0.040234
0 0.479687 0.564648 0.051042 0.037109
0 0.695833 0.512305 0.053125 0.037109
0 0.688542 0.549023 0.033333 0.030859
0 0.105469 0.048633 0.047396 0.034766
0 0.723958 0.632227 0.044792 0.036328
0 0.984635 0.675977 0.030729 0.032422
0 0.922396 0.673242 0.044792 0.044922
0 0.027344 0.975195 0.049479 0.040234
0 0.770312 0.049219 0.045833 0.035937
