0 0.649479 0.715625 0.073958 0.070312
0 0.933073 0.851172 0.051562 0.083594
0 0.979948 0.848828 0.040104 0.105469
0 0.134635 0.671094 0.046354 0.092188
0 0.348177 0.959375 0.042188 0.060937
0 0.173958 0.619531 0.064583 0.073438
0 0.591667 0.434375 0.052083 0.106250
0 0.621094 0.385937 0.053646 0.082812
0 0.641667 0.315234 0.055208 0.080469
0 0.794792 0.220312 0.056250 0.065625
0 0.379948 0.455859 0.066146 0.083594
0 0.351823 0.744531 0.082812 0.115625
0 0.522656 0.823828 0.047396 0.060156
0 0.600781 0.782031 0.050521 0.071875
0 0.567969 0.724609 0.046354 0.047656
0 0.531250 0.763281 0.051042 0.060937
0 0.406771 0.761719 0.047917 0.128125
0 0.492448 0.757812 0.042188 0.089063
0 0.349479 0.662891 0.089583 0.069531
0 0.528385 0.353906 0.053646 0.075000
0 0.886979 0.180469 0.050000 0.064062
