0 0.119271 0.612972 0.063542 0.073691
0 0.355729 0.891900 0.048958 0.052984
0 0.852604 0.320646 0.058333 0.048112
0 0.114583 0.827345 0.047917 0.084653
0 0.195052 0.741778 0.053646 0.060901
0 0.608333 0.835871 0.052083 0.070037
0 0.945833 0.065773 0.052083 0.060901
0 0.383854 0.449147 0.056250 0.063946
0 0.159375 0.864495 0.044792 0.067600
0 0.851562 0.114799 0.038542 0.050548
0 0.639062 0.790499 0.039583 0.069428
0 0.354948 0.230816 0.070312 0.084044
0 0.548438 0.514616 0.062500 0.092570
0 0.321615 0.172351 0.057813 0.043849
0 0.071354 0.551766 0.059375 0.071864
0 0.277865 0.239038 0.058854 0.072473
0 0.433333 0.259440 0.053125 0.080390
0 0.110677 0.481730 0.057813 0.064555
0 0.694531 0.260049 0.038021 0.048721
