0 0.319580 0.151282 0.106934 0.183883
0 0.596680 0.535897 0.110352 0.147253
0 0.352051 0.516484 0.097656 0.130403
0 0.295654 0.590110 0.112793 0.107692
0 0.468750 0.454212 0.090820 0.153846
0 0.428467 0.598168 0.087402 0.144322
0 0.501221 0.565201 0.105957 0.132601
0 0.445068 0.693407 0.115723 0.148718
0 0.562012 0.670330 0.094727 0.171429
0 0.514404 0.747619 0.081543 0.166300
0 0.563477 0.847985 0.088867 0.148718
0 0.622314 0.693773 0.078613 0.177289
0 0.383301 0.260806 0.117188 0.205128
0 0.359131 0.363004 0.135254 0.185348
