0 0.399254 0.396969 0.054436 0.094638
0 0.322095 0.660379 0.050910 0.086761
0 0.280121 0.584338 0.055817 0.081567
0 0.539233 0.141046 0.068533 0.105068
0 0.748871 0.414827 0.057759 0.114467
0 0.716928 0.256055 0.051583 0.083219
0 0.479562 0.469103 0.067121 0.104462
0 0.256992 0.444934 0.048516 0.094397
0 0.355610 0.710295 0.047591 0.103300
0 0.314950 0.491803 0.048124 0.075004
0 0.709364 0.347804 0.063466 0.089137
0 0.858067 0.033727 0.065711 0.064625
0 0.657139 0.321562 0.051937 0.095781
0 0.908248 0.106639 0.058954 0.086264
0 0.310886 0.430655 0.042249 0.066899
