0 0.510938 0.763281 0.259375 0.153906
0 0.414844 0.909375 0.314844 0.157031
0 0.160156 0.804688 0.260938 0.128125
0 0.271094 0.655469 0.232031 0.176563
0 0.425000 0.554688 0.150000 0.138281
0 0.603125 0.578125 0.170313 0.168750
0 0.749219 0.499219 0.188281 0.164062
0 0.664062 0.791406 0.174219 0.154688
0 0.774219 0.372656 0.141406 0.108594
0 0.552344 0.390625 0.283594 0.149219
0 0.312500 0.414062 0.279688 0.168750
0 0.295312 0.426563 0.227344 0.149219
0 0.101562 0.509375 0.180469 0.151562
0 0.271875 0.628906 0.232031 0.137500
0 0.071094 0.671094 0.142188 0.154688
0 0.139844 0.325000 0.161719 0.135156
0 0.164844 0.114844 0.257812 0.142969
0 0.623438 0.143750 0.146875 0.117969
0 0.400781 0.186719 0.223437 0.164063
0 0.660156 0.221875 0.232031 0.092969
0 0.466406 0.042969 0.233594 0.075781
