0 0.203374 0.413537 0.325525 0.209142
0 0.339776 0.778461 0.280151 0.185323
0 0.562761 0.374614 0.266518 0.192093
0 0.110559 0.854737 0.203944 0.164655
0 0.352608 0.145235 0.355862 0.157066
0 0.863948 0.071955 0.232863 0.143911
0 0.171021 0.544500 0.271488 0.141582
0 0.749265 0.448607 0.212532 0.163347
0 0.076167 0.661460 0.152333 0.157444
0 0.416672 0.491404 0.251353 0.185687
0 0.748358 0.916316 0.223946 0.161080
0 0.611351 0.702269 0.311860 0.106619
0 0.608336 0.620762 0.295634 0.160595
0 0.872831 0.567685 0.194969 0.207829
