0 0.693750 0.656944 0.064583 0.125000
0 0.891667 0.723611 0.058333 0.128704
0 0.537500 0.668519 0.048958 0.125926
0 0.830469 0.521759 0.060937 0.110185
0 0.347396 0.404630 0.070833 0.133333
0 0.144531 0.139352 0.075521 0.137963
0 0.426823 0.452778 0.073438 0.159259
0 0.622135 0.609722 0.077604 0.139815
0 0.618750 0.752778 0.078125 0.124074
0 0.283594 0.512500 0.066146 0.152778
0 0.738281 0.557870 0.063021 0.139815
0 0.652344 0.116667 0.051562 0.109259
0 0.046875 0.148148 0.072917 0.150000
0 0.197656 0.233333 0.049479 0.131481
0 0.937240 0.588889 0.080729 0.140741
0 0.223958 0.471296 0.041667 0.107407
0 0.613021 0.482407 0.061458 0.081481
0 0.980469 0.747222 0.039062 0.177778
0 0.588802 0.040278 0.072396 0.075000
0 0.104427 0.035185 0.078646 0.061111
0 0.511198 0.543519 0.035937 0.112963
0 0.641667 0.425926 0.068750 0.055556
0 0.979688 0.493056 0.039583 0.078704