0 0.540625 0.425000 0.220312 0.124219
0 0.743750 0.237500 0.203906 0.118750
0 0.626562 0.198438 0.133594 0.149219
0 0.862500 0.564062 0.127344 0.082813
0 0.874219 0.678125 0.117969 0.102344
0 0.707812 0.634375 0.125000 0.159375
0 0.505469 0.671094 0.168750 0.110156
0 0.430469 0.825781 0.225781 0.132031
0 0.602344 0.847656 0.182031 0.135937
0 0.774219 0.901563 0.126562 0.132812
0 0.203906 0.624219 0.210937 0.085938
0 0.057813 0.556250 0.099219 0.082031
0 0.671875 0.468750 0.135156 0.107813
0 0.829687 0.449219 0.117969 0.083594
0 0.481250 0.525000 0.086719 0.105469
0 0.059375 0.816406 0.060938 0.173437
