0 0.343750 0.372656 0.112500 0.182812
0 0.483594 0.517188 0.148438 0.212500
0 0.579688 0.277344 0.087500 0.129688
0 0.760938 0.537500 0.075000 0.184375
0 0.725000 0.419531 0.109375 0.210938
0 0.089063 0.339062 0.084375 0.184375
0 0.195312 0.570312 0.103125 0.162500
0 0.392969 0.646875 0.092188 0.121875
0 0.367188 0.532031 0.084375 0.107813
0 0.261719 0.286719 0.057813 0.151562
0 0.586719 0.425781 0.082812 0.170313
0 0.634375 0.576562 0.090625 0.112500
0 0.717969 0.716406 0.067187 0.101562
0 0.843750 0.395313 0.062500 0.065625
0 0.884375 0.520312 0.068750 0.093750
0 0.825781 0.596875 0.060937 0.150000
0 0.897656 0.697656 0.085938 0.242188
0 0.278125 0.626563 0.059375 0.121875
0 0.189844 0.416406 0.076563 0.126562
0 0.466406 0.390625 0.082812 0.075000
0 0.050000 0.192188 0.071875 0.068750
0 0.682031 0.826562 0.089063 0.096875
0 0.631250 0.722656 0.081250 0.107813
0 0.542969 0.680469 0.114062 0.107813
0 0.747656 0.925781 0.110937 0.110937
0 0.095312 0.760156 0.071875 0.092188
0 0.832031 0.850781 0.067187 0.107813
