0 0.693750 0.394515 0.215000 0.097046
0 0.614375 0.524613 0.188750 0.081575
0 0.545625 0.844585 0.173750 0.105485
0 0.430000 0.278129 0.157500 0.104782
0 0.772500 0.767581 0.125000 0.090717
0 0.289375 0.309775 0.166250 0.120253
0 0.423125 0.627989 0.166250 0.090014
0 0.288750 0.595992 0.152500 0.082278
0 0.812500 0.871660 0.157500 0.117440
0 0.437500 0.527778 0.192500 0.076653
0 0.718125 0.579817 0.171250 0.085091
0 0.549375 0.646624 0.171250 0.104782
0 0.816875 0.486639 0.193750 0.057665
0 0.128125 0.830872 0.131250 0.097750
0 0.396875 0.406821 0.193750 0.104782
0 0.618125 0.741210 0.093750 0.084388
0 0.173125 0.585091 0.113750 0.085795
0 0.865000 0.599156 0.152500 0.057665
0 0.581250 0.210619 0.152500 0.118847
0 0.236250 0.863221 0.112500 0.082278
0 0.366250 0.828059 0.115000 0.076653
0 0.471875 0.947609 0.188750 0.094937
