0 0.477865 0.601389 0.063021 0.117593
0 0.150781 0.445370 0.072396 0.138889
0 0.403385 0.624074 0.053646 0.107407
0 0.283333 0.472222 0.082292 0.148148
0 0.028125 0.800926 0.055208 0.129630
0 0.864844 0.485648 0.059896 0.102778
0 0.155729 0.645370 0.050000 0.103704
0 0.930729 0.354630 0.062500 0.118519
0 0.766927 0.331944 0.049479 0.112037
0 0.840885 0.386111 0.075521 0.144444
0 0.417708 0.524074 0.037500 0.066667
0 0.227604 0.318981 0.050000 0.112037
0 0.917708 0.466204 0.057292 0.115741
0 0.739844 0.464352 0.049479 0.086111
0 0.630990 0.356944 0.041146 0.073148
0 0.530990 0.517593 0.034896 0.112963
0 0.982812 0.913889 0.033333 0.079630
0 0.715625 0.343981 0.054167 0.084259
0 0.018750 0.475000 0.036458 0.103704
0 0.088802 0.482407 0.039062 0.068519
0 0.379167 0.443519 0.035417 0.090741
0 0.054948 0.428704 0.039062 0.083333
0 0.878646 0.637963 0.029167 0.075926
0 0.704948 0.419907 0.027604 0.054630
0 0.021354 0.461574 0.041667 0.125000
0 0.675521 0.469907 0.033333 0.056481
0 0.091146 0.723148 0.035417 0.070370