0 0.549844 0.660856 0.129803 0.187005
0 0.254413 0.395404 0.099688 0.153724
0 0.566459 0.381141 0.104881 0.175911
0 0.274143 0.832013 0.103842 0.167987
0 0.566978 0.526941 0.107996 0.153724
0 0.373832 0.883518 0.110073 0.160063
0 0.279855 0.642631 0.104881 0.166403
0 0.333333 0.444532 0.085151 0.163233
0 0.433541 0.279715 0.104881 0.153724
0 0.737279 0.499208 0.091381 0.158479
0 0.514538 0.273376 0.090343 0.160063
0 0.433022 0.489699 0.107996 0.164818
0 0.735202 0.395404 0.114226 0.128368
0 0.143302 0.849445 0.089304 0.148970
0 0.479232 0.408875 0.086189 0.155309
0 0.413292 0.593502 0.103842 0.172742
0 0.214434 0.485737 0.067497 0.087163
0 0.357217 0.583201 0.091381 0.158479
