0 0.591064 0.647199 0.124512 0.083852
0 0.537598 0.473453 0.126953 0.080557
0 0.400391 0.346027 0.138672 0.096668
0 0.428467 0.918711 0.123535 0.099597
0 0.461182 0.589345 0.139160 0.091908
0 0.479004 0.819846 0.108398 0.088612
0 0.644775 0.513731 0.137207 0.077627
0 0.484375 0.705419 0.137695 0.094837
0 0.329590 0.840718 0.105469 0.084218
0 0.573242 0.568290 0.126953 0.079092
0 0.651611 0.413402 0.116699 0.072501
0 0.553223 0.360857 0.125977 0.061882
0 0.234619 0.946174 0.100098 0.090077
0 0.651855 0.746247 0.092773 0.063713
0 0.713135 0.460820 0.103027 0.057488
0 0.874512 0.667338 0.073242 0.057488
0 0.439209 0.459722 0.150879 0.088978
0 0.497559 0.284511 0.120117 0.104724
0 0.307373 0.692970 0.096191 0.097034
