0 0.7293194444444444 0.3950277777777778 0.19661111111111113 0.27525
0 0.884875 0.5158333333333333 0.175625 0.2609166666666667
0 0.6820972222222222 0.6182083333333334 0.22437500000000002 0.2105
0 0.6454861111111111 0.8024722222222221 0.2988472222222222 0.14875
0 0.46262499999999995 0.7349027777777778 0.21876388888888887 0.17720833333333333
0 0.27066666666666667 0.8302499999999999 0.2679166666666667 0.2543194444444445
0 0.2575138888888889 0.663125 0.241875 0.21144444444444446
0 0.35518055555555555 0.5658611111111111 0.24056944444444445 0.13865277777777776
0 0.47998611111111106 0.4927361111111111 0.23405555555555557 0.25398611111111113
0 0.5211944444444444 0.27926388888888887 0.2498055555555556 0.20481944444444444
0 0.3033472222222222 0.2836666666666667 0.21131944444444445 0.23306944444444444
0 0.4427222222222222 0.11788888888888888 0.2456111111111111 0.16818055555555556
0 0.16166666666666668 0.4267361111111111 0.21684722222222222 0.197
0 0.12227777777777779 0.6019583333333334 0.18969444444444447 0.24422222222222223