0 0.37447 0.5541557632398754 0.11061 0.16646105919003115
0 0.286335 0.4565233644859813 0.14184 0.17057943925233643
0 0.227995 0.6034828660436137 0.15016 0.1342803738317757
0 0.080265 0.5336448598130841 0.0772 0.2033208722741433
0 0.52386 0.5313021806853583 0.08189 0.14567601246105918
0 0.6144850000000001 0.6652834890965732 0.134365 0.15819314641744547
0 0.54762 0.3391588785046729 0.12940000000000002 0.18507165109034268
0 0.8874500000000001 0.5120934579439252 0.12657 0.17578816199376945
0 0.8718250000000001 0.36460436137071656 0.12781499999999998 0.17988785046728975
0 0.362805 0.268791277258567 0.16228 0.1284423676012461
0 0.420935 0.6839750778816199 0.096035 0.10211214953271028
0 0.306965 0.73798753894081 0.140595 0.12914018691588786
0 0.7713949999999999 0.8688535825545172 0.13195500000000002 0.14165109034267911
0 0.752015 0.7247414330218068 0.085695 0.12446105919003114
0 0.271335 0.1706355140186916 0.10683 0.10036137071651091
0 0.44385 0.18907788161993772 0.140225 0.11750155763239875
0 0.20737 0.268006230529595 0.141405 0.08638006230529593
0 0.19403 0.3869345794392523 0.074725 0.13731464174454827