0 0.19609375 0.3015625 0.1203125 0.1234375
0 0.28984375 0.17578125 0.08671875 0.18125
0 0.35078125 0.38046875 0.09140625 0.22265625
0 0.23359375 0.5140625 0.12265625 0.178125
0 0.13359375 0.5078125 0.09296875 0.15703125
0 0.1828125 0.67734375 0.07890625 0.22421875
0 0.4828125 0.375 0.084375 0.159375
0 0.56875 0.26015625 0.128125 0.1390625
0 0.69453125 0.3203125 0.0984375 0.17421875
0 0.58828125 0.39921875 0.0796875 0.14609375
0 0.7125 0.60859375 0.09140625 0.1234375
0 0.85 0.79765625 0.10859375 0.2515625
0 0.93359375 0.421875 0.11640625 0.19140625
0 0.84453125 0.34921875 0.0984375 0.10703125
0 0.84921875 0.55625 0.103125 0.1984375
0 0.9390625 0.853125 0.0828125 0.16484375
