0 0.489778 0.380050 0.118666 0.141994
0 0.411339 0.453290 0.137873 0.147004
0 0.589252 0.436678 0.121172 0.161474
0 0.244561 0.561258 0.105472 0.104910
0 0.522051 0.692679 0.107603 0.124173
0 0.629314 0.650853 0.109531 0.153881
0 0.862941 0.728543 0.104255 0.132474
0 0.274558 0.265474 0.127011 0.116667
0 0.896345 0.514204 0.129638 0.116448
0 0.725943 0.593123 0.095725 0.127298
0 0.307211 0.651735 0.127913 0.129890
0 0.752674 0.708291 0.083825 0.116511
0 0.539986 0.281108 0.139451 0.123293
0 0.365914 0.317412 0.112004 0.115818
0 0.840621 0.588529 0.089695 0.125023
0 0.677916 0.293271 0.089204 0.105774
0 0.125706 0.233984 0.103473 0.092861
