0 0.473698 0.607870 0.063021 0.115741
0 0.025260 0.803704 0.049479 0.129630
0 0.275781 0.477315 0.082812 0.145370
0 0.836198 0.393056 0.072396 0.134259
0 0.398438 0.626389 0.056250 0.110185
0 0.146875 0.449537 0.075000 0.137963
0 0.861979 0.482870 0.060417 0.102778
0 0.149740 0.645370 0.051562 0.103704
0 0.913542 0.468056 0.058333 0.110185
0 0.925260 0.362500 0.058854 0.110185
0 0.014583 0.491667 0.028125 0.079630
0 0.763281 0.330556 0.050521 0.112963
0 0.223698 0.325000 0.055729 0.116667
0 0.523958 0.518056 0.039583 0.119444
0 0.735417 0.467130 0.050000 0.091667
0 0.979948 0.914352 0.039062 0.086111
0 0.412760 0.527778 0.036979 0.064815
0 0.628385 0.356019 0.043229 0.076852
0 0.715885 0.345370 0.065104 0.090741
0 0.081250 0.485648 0.036458 0.063889
0 0.048438 0.433333 0.044792 0.087037
0 0.372917 0.444907 0.036458 0.086111
0 0.015625 0.483333 0.030208 0.107407