0 0.100781 0.453906 0.103906 0.131250
0 0.193750 0.503125 0.080469 0.132812
0 0.370313 0.460156 0.114844 0.142969
0 0.289063 0.620313 0.084375 0.168750
0 0.414844 0.625781 0.105469 0.175781
0 0.536719 0.633594 0.104687 0.167187
0 0.639844 0.642187 0.082031 0.152344
0 0.930469 0.683594 0.084375 0.124219
0 0.874219 0.564062 0.105469 0.124219
0 0.844531 0.410156 0.071094 0.134375
0 0.578906 0.478125 0.102344 0.150781
0 0.583594 0.474219 0.096875 0.142969
0 0.669531 0.455469 0.081250 0.147656
0 0.122656 0.623438 0.097656 0.167187
0 0.596094 0.327344 0.085938 0.112500
0 0.715625 0.308594 0.093750 0.137500
0 0.667188 0.207813 0.069531 0.128125
