0 0.083333 0.644907 0.048958 0.075000
0 0.056510 0.775000 0.051562 0.109259
0 0.369010 0.749074 0.061979 0.101852
0 0.438802 0.796296 0.042188 0.087037
0 0.131250 0.925463 0.064583 0.123148
0 0.275781 0.612500 0.056771 0.106481
0 0.315365 0.930093 0.054688 0.112037
0 0.814844 0.655093 0.080729 0.147222
0 0.632292 0.414815 0.083333 0.140741
0 0.878646 0.487037 0.090625 0.168519
0 0.572396 0.732870 0.075000 0.147222
0 0.278646 0.787037 0.053125 0.118519
0 0.350781 0.627778 0.051562 0.100000
0 0.192708 0.721296 0.058333 0.100000
0 0.188021 0.899537 0.059375 0.112037
0 0.372656 0.879167 0.065104 0.125000
0 0.770833 0.363426 0.045833 0.102778
0 0.987240 0.223611 0.025521 0.112037
0 0.067187 0.900000 0.056250 0.090741
0 0.354427 0.484259 0.041146 0.074074
0 0.023698 0.888889 0.047396 0.103704
0 0.983333 0.229630 0.032292 0.116667
0 0.990625 0.219907 0.018750 0.119444
0 0.467969 0.519907 0.053646 0.089815