0 0.284375 0.375781 0.079687 0.105469
0 0.290625 0.378906 0.090625 0.106250
0 0.394531 0.539844 0.063281 0.115625
0 0.424219 0.700000 0.086719 0.106250
0 0.461719 0.553906 0.042188 0.119531
0 0.527344 0.703906 0.062500 0.078125
0 0.494531 0.790625 0.072656 0.107813
0 0.272656 0.476562 0.067187 0.134375
0 0.405469 0.347656 0.082031 0.060156
0 0.420312 0.428906 0.064844 0.070312
0 0.409375 0.197656 0.069531 0.115625
0 0.478906 0.178906 0.031250 0.100000
0 0.528906 0.196875 0.053125 0.084375
0 0.494531 0.298438 0.038281 0.074219
0 0.608594 0.356250 0.036719 0.078125
0 0.675781 0.390625 0.053906 0.083594
0 0.034375 0.164062 0.054688 0.107812
0 0.135938 0.127344 0.067188 0.117969
0 0.091406 0.210156 0.060938 0.131250
0 0.053125 0.435156 0.070312 0.106250
0 0.024219 0.543750 0.048437 0.125000
0 0.087500 0.540625 0.051563 0.135156
