0 0.351690 0.608816 0.151864 0.174826
0 0.553862 0.666022 0.109687 0.227111
0 0.405001 0.487443 0.127883 0.179545
0 0.867260 0.497117 0.130762 0.190204
0 0.253407 0.754356 0.132808 0.249616
0 0.878558 0.245756 0.116072 0.204379
0 0.727833 0.182754 0.136018 0.197002
0 0.203560 0.584643 0.115908 0.166300
0 0.655710 0.707555 0.152816 0.205604
0 0.790222 0.637577 0.146607 0.237861
0 0.709267 0.491166 0.109089 0.189855
0 0.512641 0.507532 0.130938 0.158074
0 0.626028 0.552839 0.118973 0.169039
0 0.903598 0.043284 0.115606 0.083835
0 0.417200 0.255616 0.135682 0.096614
