0 0.618770 0.465000 0.049841 0.110000
0 0.533934 0.543000 0.056204 0.106000
0 0.555143 0.712000 0.049841 0.084000
0 0.498940 0.813000 0.047720 0.118000
0 0.572110 0.851000 0.066808 0.126000
0 0.611347 0.792000 0.054083 0.112000
0 0.704666 0.394000 0.068929 0.124000
0 0.586957 0.480000 0.037116 0.080000
0 0.651644 0.342000 0.047720 0.120000
0 0.693001 0.256000 0.049841 0.096000
0 0.739130 0.288000 0.063627 0.096000
0 0.801166 0.354000 0.071050 0.116000
0 0.924178 0.481000 0.079533 0.090000
0 0.939555 0.064000 0.063627 0.096000
0 0.972959 0.430000 0.047720 0.080000
0 0.915164 0.581000 0.074231 0.106000
0 0.627784 0.916000 0.065748 0.100000
0 0.515907 0.305000 0.049841 0.130000
0 0.562566 0.284000 0.062566 0.120000
0 0.273065 0.138000 0.064687 0.112000
0 0.630965 0.115000 0.050901 0.090000
0 0.555143 0.095000 0.056204 0.106000
0 0.466066 0.685000 0.047720 0.082000
0 0.386002 0.780000 0.061506 0.072000
0 0.335631 0.932000 0.060445 0.096000
0 0.287911 0.914000 0.039236 0.136000
0 0.742842 0.942000 0.058324 0.076000
0 0.693531 0.840000 0.061506 0.100000
0 0.574761 0.407000 0.080594 0.066000
0 0.197773 0.129000 0.045599 0.098000
