0 0.628385 0.278241 0.044271 0.102778
0 0.903385 0.494444 0.052604 0.122222
0 0.564583 0.572685 0.088542 0.158333
0 0.624740 0.492130 0.079687 0.130556
0 0.799219 0.600000 0.052604 0.122222
0 0.735156 0.587963 0.055729 0.101852
0 0.637240 0.381481 0.055729 0.101852
0 0.699740 0.400463 0.050521 0.123148
0 0.793490 0.465741 0.078646 0.157407
0 0.873698 0.391667 0.052604 0.122222
0 0.934375 0.653241 0.092708 0.143519
0 0.527604 0.404630 0.088542 0.111111
0 0.518229 0.484259 0.079167 0.114815
0 0.505990 0.312963 0.075521 0.135185
0 0.367448 0.445370 0.078646 0.131481
0 0.332552 0.536574 0.085938 0.121296
0 0.296615 0.389352 0.085938 0.121296
0 0.277604 0.481944 0.072917 0.119444
0 0.194271 0.545833 0.071875 0.115741
0 0.163021 0.257870 0.067708 0.119444
0 0.385156 0.311574 0.069271 0.110185
0 0.128125 0.397685 0.055208 0.128704
