0 0.862142 0.385993 0.112407 0.250814
0 0.110286 0.710098 0.110286 0.205212
0 0.214210 0.670195 0.156946 0.239414
0 0.306999 0.598534 0.141039 0.275244
0 0.052492 0.537459 0.085896 0.218241
0 0.231177 0.398208 0.142100 0.193811
0 0.147932 0.501629 0.158006 0.247557
0 0.768823 0.439739 0.144221 0.267101
0 0.370626 0.447068 0.134677 0.236156
0 0.630965 0.362378 0.144221 0.242671
0 0.554613 0.531759 0.144221 0.242671
0 0.621421 0.701140 0.193001 0.255700
0 0.468187 0.646580 0.124072 0.224756
0 0.697773 0.161238 0.159067 0.221498
0 0.714210 0.594463 0.143160 0.214984
