0 0.47724166666666673 0.4336875 0.10942500000000001 0.1997875
0 0.36086666666666667 0.446875 0.121125 0.1511625
0 0.40531666666666666 0.30565000000000003 0.12854166666666667 0.11869999999999999
0 0.5573416666666666 0.2246125 0.11962500000000001 0.13997500000000002
0 0.5806333333333333 0.38020000000000004 0.09119166666666667 0.17892499999999997
0 0.5056416666666667 0.094025 0.18104166666666666 0.10102499999999999
0 0.6717 0.1570125 0.057216666666666666 0.165875
0 0.7269666666666666 0.9071750000000001 0.12738333333333335 0.18565
0 0.6195416666666667 0.9203749999999999 0.0755 0.1592625
0 0.28246666666666664 0.7173 0.13098333333333334 0.203125
0 0.36517499999999997 0.6272375 0.14804166666666668 0.18133749999999998
0 0.42105 0.7886124999999999 0.09925833333333334 0.19574999999999998
0 0.29882499999999995 0.909 0.10814166666666668 0.180975