0 0.435721 0.378043 0.103946 0.153600
0 0.337452 0.467829 0.095124 0.143952
0 0.449175 0.703746 0.110637 0.149663
0 0.355638 0.286088 0.094324 0.161304
0 0.811813 0.788231 0.105470 0.141345
0 0.392780 0.580327 0.092097 0.128491
0 0.784713 0.544203 0.099668 0.177319
0 0.561590 0.817532 0.094420 0.149047
0 0.714778 0.238529 0.105635 0.141974
0 0.453236 0.911290 0.105147 0.156905
0 0.521214 0.578992 0.108956 0.133867
0 0.521438 0.438463 0.088175 0.167858
0 0.648984 0.398661 0.106331 0.161630
0 0.533205 0.214810 0.111273 0.153512
0 0.908266 0.932403 0.110626 0.133425
0 0.869376 0.659198 0.099174 0.131673
0 0.959575 0.766651 0.078910 0.161194
0 0.752553 0.415241 0.075262 0.109035
0 0.767960 0.327433 0.097051 0.125011
