0 0.605990 0.289815 0.049479 0.085185
0 0.713802 0.437037 0.060937 0.101852
0 0.376042 0.553241 0.054167 0.097222
0 0.649479 0.574537 0.068750 0.113889
0 0.754948 0.235185 0.056771 0.124074
0 0.311458 0.596296 0.042708 0.103704
0 0.735156 0.581944 0.065104 0.115741
0 0.594271 0.401389 0.038542 0.093519
0 0.416927 0.612963 0.046354 0.112963
0 0.628385 0.467593 0.055729 0.103704
0 0.788802 0.071296 0.065104 0.088889
0 0.680469 0.356019 0.036979 0.082407
0 0.413542 0.397222 0.042708 0.072222
0 0.718750 0.267593 0.054167 0.114815
0 0.766406 0.491667 0.033854 0.088889
0 0.508073 0.348148 0.038021 0.075926
0 0.372656 0.411574 0.041146 0.052778
0 0.601302 0.584259 0.030729 0.077778
0 0.459375 0.518056 0.034375 0.078704
0 0.743229 0.248148 0.050000 0.138889
0 0.534115 0.278704 0.040104 0.051852
0 0.319010 0.430556 0.029687 0.040741
0 0.901563 0.088426 0.043750 0.071296