0 0.674577 0.746670 0.094276 0.078181
0 0.721293 0.575462 0.102727 0.077317
0 0.311895 0.513261 0.121591 0.079244
0 0.387105 0.635998 0.082765 0.085630
0 0.472469 0.698647 0.132796 0.082716
0 0.646303 0.605401 0.096543 0.063187
0 0.603084 0.647233 0.088433 0.059322
0 0.440579 0.528118 0.132352 0.091084
0 0.538766 0.441049 0.094026 0.072796
0 0.513380 0.638661 0.122247 0.079761
0 0.756313 0.758293 0.065357 0.058053
0 0.598348 0.520226 0.079416 0.076049
0 0.658814 0.526471 0.056513 0.050704
0 0.249631 0.621361 0.060270 0.035313
0 0.951383 0.622985 0.097235 0.096417
0 0.297040 0.677719 0.045245 0.034444
0 0.279130 0.684882 0.039962 0.030166
0 0.747794 0.709910 0.090188 0.072407
0 0.792704 0.628917 0.068501 0.075612
0 0.227461 0.576236 0.045451 0.034710
0 0.275078 0.663367 0.043610 0.037943
0 0.686727 0.665508 0.041010 0.034033
