0 0.395489 0.588886 0.189941 0.139333
0 0.749819 0.414072 0.183007 0.133761
0 0.435373 0.419932 0.174846 0.127641
0 0.307916 0.483124 0.176596 0.132493
0 0.787169 0.536742 0.149871 0.130988
0 0.526150 0.593845 0.148953 0.127111
0 0.654641 0.526724 0.153388 0.101898
0 0.333532 0.342638 0.129750 0.084145
0 0.219655 0.421813 0.144607 0.117138
0 0.904120 0.534975 0.136509 0.100614
0 0.933345 0.350699 0.127181 0.108148
0 0.266980 0.564483 0.143684 0.106010
0 0.581891 0.428510 0.143080 0.126468
0 0.708521 0.613276 0.154859 0.115335
0 0.171709 0.517840 0.093529 0.113517