0 0.5987037037037037 0.47651041666666666 0.174484126984127 0.16350446428571427
0 0.8442691798941799 0.5931001984126985 0.16627314814814814 0.16354910714285714
0 0.20072751322751323 0.696046626984127 0.15233796296296298 0.16606894841269842
0 0.4366501322751323 0.7642609126984127 0.17444444444444443 0.12888392857142855
0 0.511061507936508 0.6635863095238095 0.13808201058201058 0.10858878968253968
0 0.37050264550264556 0.5602256944444445 0.18104166666666668 0.0853968253968254
0 0.25529761904761905 0.5248759920634921 0.12919973544973545 0.0816641865079365
0 0.3903439153439154 0.336359126984127 0.15458994708994708 0.19073908730158728
0 0.5286805555555556 0.2890178571428571 0.15075066137566137 0.1729439484126984
0 0.6739451058201058 0.20984375 0.1563128306878307 0.1609250992063492
0 0.8718320105820107 0.15196180555555555 0.20155753968253967 0.13940476190476192