0 0.512545554942021 0.6087873754152824 0.19436223081170625 0.31686877076411957
0 0.36788514632799557 0.49593853820598005 0.18297625621203756 0.22682724252491696
0 0.23350635008282716 0.17679401993355484 0.17926007730535615 0.10071428571428571
0 0.36019326339039204 0.27414451827242525 0.19684704583103257 0.13646179401993355
0 0.2143290999447819 0.4317857142857143 0.15011043622308118 0.1926578073089701
0 0.3836664826062949 0.7391196013289036 0.18242959690778576 0.22813953488372093
0 0.586615129762562 0.7732641196013289 0.1673384870237438 0.1764285714285714
0 0.6852733296521258 0.40386212624584716 0.12752070679182773 0.16172757475083058
0 0.72697956929873 0.5738953488372093 0.1240474875759249 0.154343853820598
0 0.6292821645499724 0.2928654485049834 0.13149641082274985 0.19721760797342192
0 0.584334621755936 0.1830232558139535 0.17229155162893428 0.1270265780730897
0 0.7288404196576478 0.13433554817275747 0.1373495306460519 0.15977574750830564