0 0.488853 0.330324 0.146479 0.119881
0 0.590239 0.581020 0.186262 0.121772
0 0.205615 0.762791 0.173912 0.125738
0 0.578093 0.481427 0.152738 0.111599
0 0.599468 0.375993 0.177257 0.119099
0 0.784668 0.339578 0.137877 0.104546
0 0.698299 0.297740 0.120686 0.073375
0 0.599403 0.180660 0.157386 0.119221
0 0.717976 0.520273 0.162897 0.116109
0 0.546914 0.810629 0.151583 0.110648
0 0.743745 0.247739 0.090057 0.059993
0 0.618343 0.757964 0.124503 0.086561
0 0.693411 0.867397 0.175475 0.141371
0 0.809155 0.585137 0.152724 0.128024
0 0.368825 0.678570 0.150733 0.092428
0 0.367828 0.955632 0.159488 0.088243
0 0.407745 0.254602 0.152018 0.113333
0 0.617779 0.680040 0.141236 0.115518
0 0.521710 0.901839 0.187267 0.120430
0 0.454703 0.476034 0.125102 0.119443
0 0.132022 0.834864 0.194119 0.108098
0 0.409439 0.179085 0.097256 0.055197
0 0.754265 0.462524 0.125341 0.081206
0 0.415067 0.804949 0.179278 0.131208
0 0.082057 0.666767 0.125810 0.078799
0 0.529360 0.102450 0.161692 0.073315
0 0.131226 0.904263 0.197977 0.144148
0 0.894663 0.543189 0.057676 0.067923
0 0.708045 0.768685 0.069377 0.081369
