0 0.367188 0.093056 0.038542 0.065278
0 0.742708 0.262500 0.047917 0.056944
0 0.369010 0.678819 0.046354 0.054861
0 0.242188 0.555556 0.042708 0.055556
0 0.439323 0.563889 0.039062 0.056944
0 0.952865 0.538542 0.042188 0.053472
0 0.404167 0.745139 0.058333 0.054167
0 0.139323 0.331250 0.042188 0.056944
0 0.470573 0.758333 0.039062 0.055556
0 0.084635 0.960069 0.061979 0.072917
0 0.093229 0.898958 0.038542 0.042361
0 0.784896 0.312153 0.040625 0.053472
0 0.521094 0.302431 0.031771 0.049306
0 0.501563 0.672917 0.048958 0.070833
0 0.297396 0.507986 0.039583 0.049306
0 0.417448 0.675000 0.046354 0.058333
0 0.375260 0.409375 0.050521 0.059028
0 0.446354 0.726042 0.046875 0.056250
0 0.024479 0.174653 0.037500 0.053472
0 0.124740 0.671528 0.041146 0.048611
0 0.198437 0.433333 0.047917 0.077778
0 0.552083 0.220833 0.032292 0.054167
0 0.982812 0.573611 0.034375 0.072222
0 0.374740 0.087500 0.029687 0.055556
0 0.795052 0.595139 0.035937 0.052778
0 0.928125 0.100347 0.036458 0.045139
0 0.193750 0.559722 0.038542 0.059722
0 0.266406 0.453125 0.045312 0.065972
0 0.523438 0.419444 0.051042 0.044444
0 0.486458 0.486806 0.057292 0.072222
0 0.704167 0.302083 0.030208 0.043056
0 0.653906 0.338194 0.029687 0.047222
0 0.361198 0.096875 0.031771 0.064583
0 0.605208 0.503819 0.045833 0.056250
0 0.343229 0.611806 0.048958 0.058333
0 0.446354 0.466319 0.060417 0.086806
0 0.304167 0.674653 0.036458 0.053472
0 0.254688 0.605556 0.042708 0.055556
0 0.716146 0.367014 0.038542 0.054861
0 0.785937 0.356944 0.041667 0.045833
0 0.313802 0.447222 0.050521 0.073611
