0 0.770833 0.792593 0.064583 0.120370
0 0.898177 0.650000 0.066146 0.109259
0 0.435417 0.547222 0.068750 0.127778
0 0.701302 0.743056 0.070312 0.137963
0 0.959635 0.843981 0.056771 0.123148
0 0.231250 0.275463 0.071875 0.132407
0 0.371615 0.647222 0.065104 0.151852
0 0.507812 0.589352 0.069792 0.147222
0 0.616406 0.796759 0.048438 0.123148
0 0.139844 0.281019 0.072396 0.141667
0 0.810417 0.690741 0.054167 0.125926
0 0.686979 0.611111 0.064583 0.094444
0 0.713802 0.237963 0.049479 0.109259
0 0.187240 0.153241 0.050521 0.089815
0 0.656510 0.144907 0.059896 0.108333
0 0.272396 0.357407 0.040625 0.109259
0 0.696615 0.881481 0.068229 0.111111
0 0.572135 0.048148 0.046354 0.068519
0 0.582552 0.668056 0.039062 0.108333
0 0.984115 0.726389 0.030729 0.123148
0 0.284635 0.590278 0.032813 0.110185
0 0.826823 0.611111 0.035937 0.064815
0 0.440365 0.411111 0.061979 0.059259
0 0.313542 0.597222 0.039583 0.112963