0 0.304994 0.482745 0.125394 0.219220
0 0.075464 0.470397 0.138136 0.198532
0 0.553063 0.300780 0.129984 0.208626
0 0.451162 0.503490 0.138137 0.228144
0 0.395375 0.334032 0.127895 0.187064
0 0.615379 0.793816 0.138236 0.206626
0 0.113284 0.308521 0.129985 0.165894
0 0.784702 0.327516 0.100975 0.210949
0 0.742530 0.717125 0.151857 0.221272
0 0.211599 0.208300 0.123981 0.155924
0 0.210576 0.562607 0.119533 0.198136
0 0.585272 0.144954 0.127746 0.167704
0 0.671432 0.326065 0.122654 0.211225
0 0.392542 0.683699 0.148796 0.260892
0 0.274393 0.322007 0.097150 0.158017
0 0.544208 0.605175 0.110826 0.163057
0 0.252314 0.728465 0.132277 0.186255
