0 0.4184875 0.5172583333333334 0.10294375 0.11414999999999999
0 0.52196875 0.44433333333333336 0.11825 0.19885833333333333
0 0.45876875 0.6564083333333334 0.12934374999999998 0.15634166666666668
0 0.5907312499999999 0.5341666666666667 0.11826874999999999 0.15073333333333333
0 0.56954375 0.6953 0.08839375000000001 0.12856666666666666
0 0.69525625 0.6714583333333334 0.09398125 0.105875
0 0.6798000000000001 0.5749083333333334 0.081825 0.09333333333333334
0 0.84388125 0.20145833333333332 0.07040625 0.11588333333333334
0 0.82026875 0.30194166666666666 0.1065125 0.11685
0 0.8343375000000001 0.429275 0.10756249999999999 0.10485833333333333
0 0.9240999999999999 0.27670833333333333 0.089175 0.11359166666666667
0 0.9307 0.1283 0.09820625 0.11955833333333334
0 0.9728812499999999 0.272775 0.054231249999999995 0.15850833333333333
0 0.9533 0.44340833333333335 0.0934 0.130325
0 0.7681812499999999 0.6314 0.0606625 0.10076666666666667
0 0.8296375 0.6260749999999999 0.06641875 0.08733333333333333
0 0.8997812500000001 0.71985 0.076125 0.144325
0 0.819225 0.7751750000000001 0.0752625 0.11331666666666666
0 0.9499625 0.7274916666666666 0.100075 0.1735
0 0.9588187499999999 0.8978666666666667 0.062225 0.1302
0 0.584475 0.16811666666666666 0.0807625 0.076975
0 0.7405750000000001 0.09264166666666666 0.0950375 0.09824166666666667
0 0.66105 0.09726666666666667 0.0734875 0.07416666666666667
0 0.7011499999999999 0.18916666666666668 0.08173125 0.11148333333333334