0 0.463125 0.746954 0.063750 0.044986
0 0.450625 0.531865 0.076250 0.045923
0 0.561875 0.724461 0.048750 0.041237
0 0.483125 0.446579 0.071250 0.047798
0 0.491250 0.711809 0.052500 0.044049
0 0.372500 0.466261 0.085000 0.049672
0 0.580625 0.633083 0.053750 0.044049
0 0.331875 0.534677 0.098750 0.055295
0 0.306250 0.490628 0.070000 0.044049
0 0.668750 0.782099 0.060000 0.053421
0 0.707500 0.824742 0.050000 0.039363
0 0.703125 0.862231 0.053750 0.037488
0 0.770000 0.872071 0.040000 0.038425
0 0.785625 0.832240 0.061250 0.039363
0 0.748750 0.894564 0.045000 0.030928
0 0.963750 0.823336 0.062500 0.034677
0 0.963750 0.793346 0.052500 0.029053
0 0.520625 0.571228 0.038750 0.019681
0 0.416875 0.715089 0.053750 0.043112
0 0.391250 0.376289 0.065000 0.055295
