0 0.685012 0.340625 0.241218 0.125000
0 0.430913 0.284375 0.201405 0.146875
0 0.373536 0.651563 0.185012 0.112500
0 0.559719 0.726562 0.177986 0.106250
0 0.186183 0.440625 0.194379 0.118750
0 0.576112 0.825781 0.201405 0.132812
0 0.290398 0.941406 0.192037 0.114062
0 0.540984 0.925781 0.182670 0.135937
0 0.766979 0.303906 0.227166 0.110937
0 0.409836 0.171875 0.159251 0.096875
0 0.455504 0.089063 0.142857 0.078125
0 0.216628 0.579688 0.152225 0.121875
0 0.669789 0.191406 0.168618 0.117188
0 0.822014 0.147656 0.107728 0.089063
0 0.196721 0.685156 0.210773 0.107813
0 0.319672 0.808594 0.203747 0.123438
0 0.737705 0.808594 0.103044 0.110937
0 0.867681 0.556250 0.170960 0.118750
0 0.229508 0.292969 0.173302 0.120313
0 0.707260 0.912500 0.140515 0.096875
