0 0.636458 0.369097 0.134375 0.165972
0 0.414844 0.842708 0.129688 0.118750
0 0.408594 0.167361 0.053646 0.075000
0 0.207552 0.204514 0.057813 0.089583
0 0.732292 0.212847 0.091667 0.107639
0 0.641406 0.511458 0.156771 0.215972
0 0.250260 0.612847 0.202604 0.299306
0 0.458594 0.727431 0.181771 0.259028
0 0.369531 0.294444 0.095312 0.156944
0 0.749219 0.466319 0.105729 0.196528
0 0.154688 0.743056 0.042708 0.045833
0 0.235417 0.363194 0.161458 0.215278
0 0.555729 0.275694 0.106250 0.126389
0 0.450000 0.412153 0.173958 0.306250
0 0.977865 0.895833 0.035937 0.059722
0 0.115104 0.686806 0.040625 0.063889
0 0.065365 0.541319 0.025521 0.046528
0 0.027604 0.252083 0.033333 0.037500
