0 0.765885 0.293519 0.058854 0.100000
0 0.701042 0.434722 0.060417 0.113889
0 0.419010 0.425463 0.051562 0.095370
0 0.645573 0.168981 0.047396 0.082407
0 0.352865 0.475463 0.040104 0.097222
0 0.676562 0.329167 0.053125 0.104630
0 0.784375 0.446759 0.064583 0.115741
0 0.648438 0.446296 0.036458 0.083333
0 0.549479 0.213426 0.036458 0.086111
0 0.637500 0.274537 0.043750 0.093519
0 0.457813 0.493519 0.043750 0.103704
0 0.731510 0.207407 0.034896 0.087037
0 0.458073 0.287500 0.039062 0.078704
0 0.810937 0.348148 0.037500 0.098148
0 0.409115 0.295370 0.043229 0.057407
0 0.810156 0.090741 0.067187 0.125926
0 0.576302 0.153241 0.036979 0.060185
0 0.103906 0.524074 0.032813 0.050000
0 0.765885 0.127778 0.047396 0.101852