0 0.607812 0.593981 0.055208 0.123148
0 0.522396 0.782870 0.088542 0.149074
0 0.349740 0.852778 0.058854 0.098148
0 0.600000 0.306481 0.097917 0.151852
0 0.265625 0.946296 0.045833 0.087037
0 0.476823 0.668056 0.059896 0.126852
0 0.714323 0.259259 0.068229 0.150000
0 0.946094 0.818981 0.032813 0.063889
0 0.559896 0.180556 0.075000 0.140741
0 0.639062 0.070370 0.076042 0.116667
0 0.776823 0.651389 0.033854 0.062037
0 0.921875 0.930556 0.026042 0.050000
0 0.419271 0.952778 0.039583 0.075926
0 0.802344 0.672685 0.034896 0.069444
0 0.943490 0.767130 0.031771 0.045370
0 0.790885 0.664352 0.052604 0.078704
0 0.877604 0.953241 0.037500 0.058333
0 0.745313 0.659722 0.034375 0.062037
0 0.907031 0.817130 0.024479 0.039815
0 0.905990 0.769444 0.025521 0.044444
0 0.223698 0.968056 0.035937 0.052778