0 0.433073 0.342593 0.057813 0.107407
0 0.337500 0.512500 0.048958 0.084259
0 0.386198 0.701389 0.055729 0.108333
0 0.319792 0.838426 0.070833 0.117593
0 0.229948 0.580556 0.040104 0.081481
0 0.409896 0.841667 0.070833 0.120370
0 0.147396 0.833796 0.054167 0.110185
0 0.098698 0.783333 0.050521 0.094444
0 0.550000 0.377778 0.056250 0.077778
0 0.206510 0.723611 0.038021 0.076852
0 0.451042 0.748148 0.046875 0.105556
0 0.400260 0.521759 0.051562 0.123148
0 0.353646 0.621296 0.034375 0.081481
0 0.260677 0.504167 0.042188 0.063889
0 0.167969 0.610648 0.042188 0.075000
0 0.047917 0.820833 0.042708 0.110185
0 0.309635 0.731944 0.048438 0.100926
0 0.521615 0.304630 0.055729 0.064815
0 0.319010 0.619907 0.053646 0.091667
0 0.952083 0.747685 0.031250 0.106481
0 0.100781 0.631481 0.044271 0.074074
0 0.337760 0.620833 0.058854 0.086111