0 0.592188 0.248437 0.110937 0.132031
0 0.722656 0.313281 0.121094 0.168750
0 0.592969 0.390625 0.122656 0.132812
0 0.463281 0.402344 0.058594 0.128906
0 0.528125 0.435156 0.079687 0.161719
0 0.736719 0.601562 0.084375 0.204687
0 0.853906 0.767187 0.127344 0.225781
0 0.880469 0.367969 0.089844 0.132031
0 0.967188 0.417188 0.064844 0.157031
0 0.871875 0.553906 0.106250 0.164844
0 0.957031 0.832812 0.085156 0.204687
0 0.167187 0.292188 0.130469 0.138281
0 0.259375 0.204688 0.106250 0.133594
0 0.339844 0.379687 0.127344 0.153125
0 0.225000 0.502344 0.119531 0.204687
0 0.152344 0.653125 0.113281 0.242188
0 0.079687 0.508594 0.089062 0.168750
0 0.077344 0.395312 0.143750 0.135938
