0 0.126250 0.341759 0.082500 0.125379
0 0.284375 0.482305 0.093750 0.105157
0 0.413438 0.467644 0.074375 0.108190
0 0.515312 0.489889 0.099375 0.152679
0 0.652813 0.575329 0.061875 0.149646
0 0.122188 0.549039 0.070625 0.131446
0 0.211250 0.548534 0.078750 0.176946
0 0.303125 0.352376 0.077500 0.114257
0 0.374375 0.322548 0.066250 0.095046
0 0.412813 0.193630 0.068125 0.063701
0 0.491875 0.293731 0.072500 0.130435
0 0.666562 0.284125 0.075625 0.086957
0 0.758437 0.303337 0.066875 0.103134
0 0.918750 0.453994 0.083750 0.139535
0 0.829688 0.554095 0.073125 0.125379
0 0.955313 0.635996 0.078125 0.109201
0 0.839063 0.229019 0.058125 0.087968
0 0.915937 0.195652 0.059375 0.102123
0 0.957812 0.208797 0.051875 0.118301
0 0.215938 0.298281 0.086875 0.107179
0 0.539687 0.214863 0.063125 0.092012
