0 0.390061 0.568854 0.091044 0.124265
0 0.296184 0.747445 0.060559 0.109953
0 0.241672 0.885494 0.072866 0.155111
0 0.532592 0.255616 0.087512 0.126796
0 0.186627 0.803608 0.075283 0.105848
0 0.646168 0.469163 0.073183 0.130537
0 0.221826 0.689606 0.060918 0.098988
0 0.031898 0.818989 0.056039 0.095002
0 0.328734 0.455036 0.074853 0.106841
0 0.053298 0.544031 0.078798 0.113963
0 0.610054 0.154047 0.083567 0.093419
0 0.155101 0.518038 0.069813 0.074777
0 0.572222 0.080105 0.053501 0.072175
0 0.379253 0.383405 0.057622 0.078957
0 0.711832 0.334253 0.045629 0.080396
0 0.515427 0.116593 0.062441 0.089618
