0 0.542969 0.634375 0.114063 0.129688
0 0.482031 0.544531 0.099219 0.179688
0 0.644531 0.517187 0.142187 0.143750
0 0.535156 0.438281 0.123438 0.134375
0 0.568750 0.247656 0.101562 0.134375
0 0.644531 0.340625 0.116406 0.086719
0 0.773438 0.363281 0.095312 0.083594
0 0.710938 0.496094 0.096875 0.118750
0 0.357812 0.817969 0.100000 0.150781
0 0.457031 0.804688 0.095312 0.193750
0 0.244531 0.785156 0.100781 0.119531
0 0.141406 0.674219 0.110156 0.085938
0 0.069531 0.569531 0.139062 0.133594
0 0.230469 0.550000 0.111719 0.128125
0 0.309375 0.614062 0.121875 0.134375
0 0.291406 0.289844 0.071875 0.155469
0 0.320312 0.402344 0.120313 0.155469
0 0.185156 0.109375 0.078125 0.167969
0 0.396094 0.057031 0.153906 0.087500
0 0.474219 0.211719 0.108594 0.113281
