0 0.5426197916666666 0.33451923076923074 0.10548958333333333 0.13271153846153846
0 0.700046875 0.24101923076923076 0.118265625 0.15725
0 0.772390625 0.16140384615384618 0.09628645833333334 0.1198173076923077
0 0.8239010416666667 0.33157692307692305 0.10208854166666666 0.13003846153846155
0 0.47070833333333334 0.45205769230769227 0.123125 0.14984615384615385
0 0.46072395833333335 0.7662307692307693 0.11183854166666667 0.1884326923076923
0 0.35654166666666665 0.819923076923077 0.09097916666666667 0.16441346153846154
0 0.2808645833333333 0.7176057692307691 0.08719791666666667 0.1681153846153846
0 0.35610416666666667 0.6954326923076923 0.0640625 0.1654326923076923
0 0.4054375 0.6107211538461538 0.08553645833333333 0.10334615384615385
0 0.43148958333333337 0.2987211538461539 0.06726562500000001 0.17009615384615384