0 0.592990 0.499663 0.078435 0.104834
0 0.644526 0.915299 0.092427 0.131396
0 0.390787 0.509732 0.091346 0.169670
0 0.349251 0.374872 0.084632 0.129625
0 0.478701 0.402875 0.083676 0.151061
0 0.660150 0.761402 0.077371 0.152265
0 0.253526 0.211731 0.076319 0.142059
0 0.433116 0.264020 0.078378 0.123605
0 0.575124 0.727066 0.061416 0.141911
0 0.177879 0.223289 0.067733 0.106486
0 0.764065 0.834053 0.067455 0.131534
0 0.112458 0.239890 0.067820 0.118024
0 0.123256 0.092403 0.067849 0.121735
0 0.564264 0.918596 0.064671 0.127923
0 0.353858 0.153235 0.063884 0.114573
0 0.970168 0.795298 0.058183 0.097609
0 0.729731 0.959040 0.077581 0.081920
0 0.064716 0.335339 0.056663 0.130444
