0 0.682403 0.463706 0.118521 0.170102
0 0.449693 0.560325 0.125029 0.227127
0 0.333289 0.623754 0.102643 0.204226
0 0.646640 0.310678 0.098961 0.164734
0 0.207989 0.488122 0.083718 0.167778
0 0.789666 0.451270 0.091533 0.186823
0 0.486622 0.826615 0.110719 0.229759
0 0.382332 0.434855 0.099434 0.188841
0 0.379028 0.769127 0.132085 0.189740
0 0.571160 0.450000 0.107888 0.208985
0 0.547459 0.595086 0.095688 0.164097
0 0.613053 0.208860 0.116453 0.145403
0 0.730954 0.357809 0.066123 0.162587
0 0.418110 0.295062 0.093057 0.113509
0 0.504683 0.353575 0.088788 0.167900
0 0.499690 0.245440 0.109940 0.122668
0 0.261113 0.564642 0.109148 0.215295
0 0.144347 0.486301 0.060473 0.137157
