0 0.466401 0.353389 0.071437 0.085394
0 0.236405 0.777546 0.055737 0.091157
0 0.600182 0.594112 0.081847 0.104858
0 0.508593 0.644792 0.086094 0.083517
0 0.735922 0.362808 0.068478 0.092778
0 0.443201 0.854788 0.072065 0.076347
0 0.750555 0.178369 0.073069 0.103863
0 0.153626 0.847910 0.084698 0.109530
0 0.386579 0.931697 0.067668 0.089868
0 0.668745 0.342359 0.063109 0.103349
0 0.086391 0.732291 0.074780 0.088657
0 0.884499 0.373404 0.070797 0.084819
0 0.586774 0.359297 0.071741 0.110384
0 0.609705 0.421526 0.082385 0.106994
0 0.411861 0.418494 0.082171 0.097099
0 0.895731 0.260249 0.067132 0.115366
0 0.848919 0.465702 0.070203 0.082975
0 0.484159 0.499742 0.074139 0.100117
0 0.031411 0.775842 0.059252 0.099695
0 0.781360 0.451530 0.057255 0.083479
0 0.823458 0.555026 0.077809 0.092375
0 0.620485 0.244713 0.065550 0.080851
0 0.425503 0.589976 0.078717 0.112153
0 0.161754 0.780753 0.063417 0.098336
0 0.541336 0.494910 0.073535 0.085389
