0 0.326562 0.649219 0.053906 0.064844
0 0.371875 0.675781 0.032031 0.053125
0 0.398438 0.632031 0.032031 0.088281
0 0.416406 0.335156 0.042969 0.071875
0 0.470312 0.308594 0.062500 0.061719
0 0.604688 0.329688 0.052344 0.049219
0 0.552344 0.339844 0.044531 0.075781
0 0.568750 0.417188 0.059375 0.074219
0 0.596875 0.203125 0.037500 0.083594
0 0.675781 0.179688 0.039844 0.054688
0 0.710156 0.148438 0.053906 0.054688
0 0.799219 0.378906 0.037500 0.078906
0 0.930469 0.353906 0.053906 0.040625
0 0.853125 0.417969 0.042187 0.082812
