0 0.12621 0.3757997010463378 0.08175 0.1586846038863976
0 0.21639 0.3710612855007474 0.07611 0.13426008968609865
0 0.2949 0.6304484304932735 0.07113 0.12986547085201794
0 0.24439 0.5414947683109118 0.06811 0.07451420029895367
0 0.40341000000000005 0.6386696562032884 0.11016 0.1074439461883408
0 0.35557 0.5188191330343797 0.07246999999999999 0.1158744394618834
0 0.37957 0.3917488789237668 0.08448 0.1247982062780269
0 0.43091 0.40720478325859494 0.05916 0.19756352765321372
0 0.44339999999999996 0.41292974588938713 0.08986 0.12829596412556055
0 0.48874 0.5150822122571002 0.08318 0.0994319880418535
0 0.64377 0.6802989536621824 0.11488 0.17573991031390135
0 0.55459 0.6817937219730942 0.07851999999999999 0.1727503736920777
0 0.75662 0.7283856502242153 0.08256999999999999 0.14336322869955156
0 0.78946 0.6050373692077727 0.07425 0.1268759342301943
0 0.66328 0.5621823617339313 0.11189 0.11887892376681615
0 0.72378 0.3027952167414051 0.0589 0.14121076233183857
0 0.64027 0.29855007473841555 0.07787999999999999 0.12974588938714499
0 0.5656 0.17946188340807176 0.10853 0.20245142002989536
0 0.54643 0.39125560538116594 0.12819 0.1417339312406577