0 0.468750 0.608796 0.064583 0.117593
0 0.022656 0.808333 0.044271 0.133333
0 0.394010 0.626852 0.054688 0.105556
0 0.139063 0.451389 0.072917 0.141667
0 0.833594 0.396759 0.071354 0.134259
0 0.145833 0.649537 0.051042 0.100926
0 0.271354 0.484259 0.082292 0.144444
0 0.977865 0.916667 0.042188 0.085185
0 0.853906 0.490741 0.060937 0.105556
0 0.920052 0.368519 0.065104 0.112963
0 0.752083 0.338426 0.058333 0.119444
0 0.908073 0.471296 0.059896 0.107407
0 0.406771 0.531944 0.036458 0.067593
0 0.516667 0.526852 0.046875 0.114815
0 0.215885 0.325000 0.049479 0.112963
0 0.705469 0.349074 0.054688 0.092593
0 0.013021 0.489815 0.025000 0.090741
0 0.730469 0.470833 0.048438 0.084259
0 0.075521 0.486111 0.037500 0.062963
0 0.626302 0.355556 0.044271 0.077778
0 0.013281 0.472685 0.025521 0.132407
0 0.364063 0.448148 0.040625 0.085185
0 0.048958 0.428241 0.043750 0.087963
0 0.668490 0.465278 0.034896 0.073148