0 0.274609 0.485417 0.130469 0.079167
0 0.404687 0.501563 0.062500 0.090625
0 0.494141 0.491667 0.057031 0.083333
0 0.559766 0.553125 0.057031 0.087500
0 0.383984 0.621875 0.071094 0.100000
0 0.471484 0.683854 0.085156 0.084375
0 0.401562 0.744792 0.079687 0.087500
0 0.405859 0.742188 0.083594 0.078125
0 0.452344 0.853646 0.092188 0.088542
0 0.548438 0.797917 0.079687 0.060417
0 0.557422 0.737500 0.108594 0.041667
0 0.695312 0.717187 0.059375 0.138542
0 0.878516 0.759896 0.069531 0.109375
0 0.769141 0.581250 0.088281 0.104167
0 0.196484 0.682813 0.102344 0.103125
0 0.274609 0.696354 0.089844 0.084375
0 0.351562 0.876563 0.085938 0.117708
0 0.116797 0.573958 0.110156 0.079167
0 0.680078 0.485417 0.086719 0.062500
0 0.873828 0.605208 0.077344 0.093750
0 0.955078 0.542188 0.042969 0.105208
0 0.480469 0.331771 0.050000 0.038542
0 0.553906 0.330729 0.059375 0.038542
0 0.584375 0.318229 0.032813 0.040625
0 0.616016 0.371354 0.053906 0.048958
0 0.673828 0.373437 0.050781 0.065625
