0 0.492814 0.574232 0.101488 0.148256
0 0.486267 0.877656 0.088904 0.140561
0 0.515224 0.450621 0.097456 0.129520
0 0.698430 0.907908 0.092638 0.142027
0 0.113855 0.711548 0.100110 0.157601
0 0.256229 0.761921 0.102256 0.149679
0 0.169852 0.114806 0.070493 0.076085
0 0.394881 0.743115 0.095412 0.123219
0 0.670317 0.150390 0.085401 0.091572
0 0.803462 0.177849 0.062377 0.097888
0 0.178168 0.569446 0.091446 0.100403
0 0.411207 0.593391 0.085778 0.129804
0 0.363882 0.492113 0.083422 0.116095
0 0.350311 0.127605 0.079743 0.113269
0 0.505031 0.767953 0.069498 0.107123
0 0.229735 0.345178 0.072544 0.061294
0 0.593778 0.606962 0.090360 0.114679
0 0.754362 0.577339 0.063256 0.119989
0 0.033191 0.205575 0.066383 0.122372
0 0.969683 0.464578 0.059344 0.106279
0 0.463390 0.379509 0.082869 0.092621
0 0.944672 0.214814 0.067048 0.117188
0 0.794534 0.917444 0.061299 0.102324
0 0.941048 0.141982 0.078014 0.088231
0 0.817260 0.255551 0.057797 0.082973
0 0.672691 0.555913 0.067623 0.120826
0 0.156164 0.253162 0.098610 0.110142
0 0.319212 0.638026 0.073149 0.120596
0 0.571418 0.792655 0.054855 0.109599
0 0.024618 0.957890 0.045876 0.084221
0 0.550020 0.300014 0.056162 0.108279
0 0.884722 0.241548 0.080345 0.125409
0 0.727116 0.816807 0.066344 0.106014
0 0.071095 0.158072 0.065527 0.112598
0 0.076039 0.469944 0.078644 0.112172
0 0.833957 0.091780 0.066417 0.090407
0 0.581464 0.393146 0.075056 0.111584
0 0.276500 0.086896 0.074914 0.102594
0 0.757768 0.276836 0.074603 0.122373
0 0.354133 0.319383 0.037436 0.103782
0 0.212465 0.646595 0.105324 0.106404
0 0.682254 0.290987 0.074590 0.119661
0 0.085253 0.276003 0.065910 0.089618
0 0.604927 0.239698 0.059056 0.081003
