0 0.28435 0.37584269662921344 0.0796 0.105374531835206
0 0.290925 0.3791947565543071 0.09082499999999999 0.10632958801498127
0 0.3944625 0.5396067415730337 0.0632875 0.11599250936329587
0 0.4244375 0.7002621722846442 0.08668749999999999 0.10597378277153559
0 0.4619375 0.5542509363295881 0.0424625 0.11936329588014982
0 0.52765 0.7036142322097378 0.06235 0.07812734082397003
0 0.4943125 0.7905430711610486 0.0726 0.10792134831460674
0 0.2724875 0.4767041198501873 0.067425 0.13423220973782773
0 0.40568750000000003 0.34749063670411984 0.081875 0.060205992509363294
0 0.42011249999999994 0.4288951310861423 0.064575 0.0703370786516854
0 0.4092125 0.19790262172284645 0.0697 0.1153932584269663
0 0.47924999999999995 0.17868913857677904 0.030924999999999998 0.1000187265917603
0 0.5286124999999999 0.19694756554307116 0.0527375 0.08464419475655431
0 0.49463749999999995 0.29827715355805245 0.038625 0.07411985018726591
0 0.6082625 0.3566292134831461 0.03705 0.07846441947565543
0 0.675425 0.3907303370786517 0.05405 0.08327715355805243
0 0.0346375 0.16426966292134831 0.054450000000000005 0.10747191011235956
0 0.135925 0.12728464419475655 0.06724999999999999 0.11805243445692884
0 0.09153750000000001 0.2101498127340824 0.0612875 0.13123595505617977
0 0.0529125 0.43514981273408243 0.070575 0.10588014981273408
0 0.024550000000000002 0.5439325842696628 0.049087500000000006 0.1246441947565543
0 0.0875375 0.540561797752809 0.05135 0.1352059925093633