0 0.259375 0.48359375 0.10625 0.115625
0 0.3046875 0.38359375 0.08828125 0.10546875
0 0.1703125 0.43046875 0.1109375 0.1390625
0 0.16796875 0.5625 0.08359375 0.14375
0 0.43046875 0.3734375 0.10234375 0.1625
0 0.5640625 0.375 0.1 0.13125
0 0.50859375 0.46484375 0.09921875 0.14375
0 0.60703125 0.53828125 0.10078125 0.17421875
0 0.65390625 0.36953125 0.08828125 0.09375
0 0.71484375 0.509375 0.0859375 0.1890625
0 0.753125 0.8765625 0.08984375 0.115625
0 0.9265625 0.8921875 0.1 0.1609375
0 0.9671875 0.66875 0.06484375 0.1625
