0 0.6673625 0.4408906882591093 0.066275 0.12313765182186234
0 0.6033625 0.46064777327935225 0.05613749999999999 0.10483805668016194
0 0.8928375 0.6782995951417004 0.07615 0.10925101214574899
0 0.9324125 0.8275101214574899 0.06255 0.10979757085020243
0 0.8420875 0.8060526315789474 0.051425 0.09870445344129554
0 0.767525 0.7489271255060729 0.043375000000000004 0.11457489878542511
0 0.8195999999999999 0.8645951417004049 0.063175 0.08783400809716599
0 0.8825624999999999 0.4252226720647773 0.0645375 0.14097165991902835
0 0.7697499999999999 0.38425101214574897 0.053200000000000004 0.1052834008097166
0 0.627475 0.27240890688259106 0.06863749999999999 0.14767206477732794
0 0.5618375 0.35483805668016194 0.0463 0.15637651821862347
0 0.1524125 0.465 0.068525 0.13087044534412956
0 0.19155 0.5977935222672065 0.108575 0.08704453441295547