0 0.729688 0.395312 0.196875 0.275000
0 0.885156 0.515625 0.175781 0.260937
0 0.682031 0.617969 0.224219 0.210156
0 0.645312 0.802344 0.299219 0.148438
0 0.462500 0.735156 0.218750 0.177344
0 0.270312 0.830469 0.267969 0.254688
0 0.257812 0.663281 0.242188 0.211719
0 0.355469 0.565625 0.240625 0.138281
0 0.479688 0.492969 0.234375 0.253906
0 0.521094 0.278906 0.250000 0.204688
0 0.303125 0.283594 0.210938 0.232812
0 0.442969 0.117969 0.245313 0.167969
0 0.161719 0.426562 0.217187 0.196875
0 0.122656 0.602344 0.189844 0.244531
