0 0.3515563725490196 0.49078022875816996 0.17751225490196076 0.19906045751633988
0 0.5100337009803921 0.3790972222222222 0.09618259803921568 0.11730392156862746
0 0.4170863970588235 0.41314950980392157 0.07777267156862745 0.16907271241830066
0 0.6646017156862746 0.29783905228758173 0.1357107843137255 0.16721405228758168
0 0.5740379901960785 0.5257312091503268 0.10981617647058824 0.16548202614379087
0 0.6754932598039215 0.487140522875817 0.08805147058823529 0.131875
0 0.7660416666666667 0.5706740196078431 0.10666666666666667 0.140984477124183
0 0.8777236519607843 0.5447998366013073 0.0921844362745098 0.15459558823529412
0 0.6632261029411765 0.6598529411764705 0.10397058823529412 0.11910539215686274
0 0.5427175245098039 0.6746323529411765 0.13295955882352942 0.1364828431372549
0 0.49793198529411764 0.7821895424836601 0.11388174019607843 0.2257434640522876
0 0.28771446078431373 0.6755433006535948 0.0927236519607843 0.15464460784313724
0 0.22643075980392158 0.4903227124183006 0.0681954656862745 0.18180964052287582
0 0.191875 0.34709150326797383 0.08691176470588236 0.11048611111111112
0 0.4228768382352941 0.0849264705882353 0.0934375 0.13898692810457516
0 0.778311887254902 0.0397140522875817 0.1221200980392157 0.0794281045751634