0 0.488542 0.609722 0.117708 0.144444
0 0.522917 0.388542 0.127083 0.188194
0 0.529687 0.773264 0.165625 0.263194
0 0.620052 0.275000 0.091146 0.113889
0 0.471094 0.246181 0.084896 0.139583
0 0.667708 0.446875 0.103125 0.161806
0 0.208854 0.075347 0.102083 0.140972
0 0.144792 0.143056 0.101042 0.150000
0 0.057292 0.129167 0.087500 0.131944
0 0.611719 0.422917 0.049479 0.077778
0 0.232552 0.541319 0.142187 0.122917
0 0.163021 0.662153 0.065625 0.086806
0 0.545573 0.513542 0.098437 0.089583
0 0.699219 0.679167 0.089063 0.194444
0 0.630469 0.654167 0.141146 0.229167
0 0.138802 0.568056 0.048438 0.115278
0 0.192969 0.432986 0.119271 0.114583
0 0.746875 0.413542 0.081250 0.145139
