0 0.667940 0.161919 0.059783 0.097259
0 0.562468 0.604902 0.068409 0.144428
0 0.231461 0.673980 0.082641 0.115323
0 0.733116 0.271782 0.076670 0.123332
0 0.057387 0.762127 0.053371 0.093561
0 0.581565 0.226181 0.057477 0.086608
0 0.524747 0.417961 0.057040 0.099665
0 0.135045 0.489055 0.063530 0.074893
0 0.321164 0.293081 0.066222 0.103369
0 0.175868 0.770607 0.039292 0.094917
0 0.507445 0.528337 0.071548 0.106276
0 0.098190 0.853787 0.055129 0.108563
0 0.134428 0.586346 0.070125 0.098963
0 0.210322 0.512156 0.064317 0.083906
0 0.945323 0.164348 0.081341 0.115347
0 0.147952 0.910729 0.052009 0.123987
0 0.745763 0.158723 0.056956 0.068579
0 0.100011 0.666507 0.059334 0.082446
0 0.032833 0.617083 0.053195 0.096351
0 0.458140 0.501099 0.046900 0.095282
