0 0.188657 0.640997 0.206019 0.156002
0 0.353175 0.604787 0.223545 0.160962
0 0.131283 0.546627 0.184524 0.124008
0 0.808532 0.450521 0.166005 0.135169
0 0.921958 0.072669 0.155423 0.144841
0 0.865575 0.307540 0.166997 0.150794
0 0.098049 0.959573 0.118056 0.080357
0 0.650794 0.456597 0.109127 0.071925
0 0.055886 0.867932 0.109127 0.119296
0 0.738261 0.378720 0.132606 0.117063
0 0.917659 0.369792 0.164021 0.162698
0 0.636243 0.176339 0.141534 0.134425
0 0.735450 0.539683 0.192460 0.140377
0 0.341766 0.470610 0.182870 0.100446
0 0.415179 0.683904 0.166336 0.132688
0 0.295800 0.527282 0.156415 0.113095
0 0.654101 0.537698 0.179894 0.127480
0 0.626984 0.381820 0.105159 0.073165
0 0.580192 0.438492 0.086310 0.074405
0 0.923942 0.801339 0.121032 0.110119
