0 0.732955 0.687027 0.150253 0.125000
0 0.886364 0.534801 0.133838 0.140625
0 0.615215 0.386600 0.155934 0.099905
0 0.850063 0.632576 0.126894 0.119318
0 0.144886 0.414299 0.124369 0.116477
0 0.597538 0.629498 0.153409 0.138731
0 0.538826 0.520123 0.153409 0.138731
0 0.708018 0.594223 0.166035 0.070076
0 0.693813 0.531487 0.148990 0.086648
0 0.156566 0.511600 0.112374 0.097064
0 0.327336 0.343750 0.106692 0.095644
0 0.137311 0.104167 0.105429 0.103220
0 0.218119 0.033381 0.131944 0.062027
0 0.052399 0.095407 0.101010 0.099905
