0 0.537500 0.862037 0.067708 0.135185
0 0.452083 0.865741 0.073958 0.131481
0 0.975000 0.765278 0.047917 0.102778
0 0.831250 0.573148 0.050000 0.096296
0 0.494271 0.191204 0.053125 0.100926
0 0.922396 0.677778 0.069792 0.105556
0 0.552604 0.262037 0.047917 0.081481
0 0.488021 0.725463 0.051042 0.087963
0 0.728906 0.970370 0.066146 0.051852
0 0.529167 0.057870 0.062500 0.078704
0 0.593490 0.181944 0.035937 0.082407
0 0.871094 0.494444 0.043229 0.051852
0 0.397656 0.784722 0.039062 0.117593
0 0.675260 0.907407 0.053646 0.042593