0 0.32669473684210526 0.6490521327014218 0.05371578947368421 0.06492890995260664
0 0.37167368421052627 0.6761137440758294 0.03241052631578947 0.05296998420221169
0 0.3984736842105263 0.6318325434439178 0.0324 0.08791469194312795
0 0.41617894736842104 0.3351974723538705 0.04321052631578947 0.07200631911532385
0 0.47041052631578945 0.3086255924170616 0.06269473684210526 0.06192733017377568
0 0.6048736842105263 0.3294470774091627 0.05213684210526316 0.04902053712480253
0 0.5527157894736843 0.3399842022116904 0.04451578947368421 0.07582938388625593
0 0.5688210526315789 0.41706161137440756 0.05915789473684211 0.0744865718799368
0 0.5970631578947369 0.2030489731437599 0.03750526315789474 0.08344391785150079
0 0.6757052631578947 0.18006319115323854 0.03975789473684211 0.05470774091627172
0 0.7103052631578947 0.14846761453396526 0.05370526315789474 0.05469194312796208
0 0.7988421052631579 0.37876777251184834 0.037242105263157896 0.07872037914691943
0 0.9304315789473684 0.353870458135861 0.05365263157894737 0.04041074249605055
0 0.8530736842105263 0.41804107424960507 0.04235789473684211 0.08255924170616113