0 0.5125 0.60859375 0.19453125 0.3171875
0 0.36796875 0.49609375 0.1828125 0.2265625
0 0.23359375 0.1765625 0.17890625 0.10078125
0 0.36015625 0.27421875 0.196875 0.13671875
0 0.2140625 0.43203125 0.15 0.19296875
0 0.38359375 0.7390625 0.1828125 0.228125
0 0.58671875 0.7734375 0.1671875 0.1765625
0 0.68515625 0.40390625 0.12734375 0.16171875
0 0.72734375 0.57421875 0.12421875 0.1546875
0 0.62890625 0.29296875 0.13125 0.196875
0 0.584375 0.1828125 0.17265625 0.12734375
0 0.72890625 0.134375 0.1375 0.16015625
