0 0.1265625 0.37578125 0.08203125 0.15859375
0 0.21640625 0.37109375 0.07578125 0.134375
0 0.29453125 0.63046875 0.07109375 0.1296875
0 0.24453125 0.54140625 0.06796875 0.07421875
0 0.403125 0.63828125 0.11015625 0.1078125
0 0.35546875 0.51875 0.07265625 0.115625
0 0.3796875 0.39140625 0.084375 0.125
0 0.43125 0.40703125 0.059375 0.19765625
0 0.44375 0.41328125 0.08984375 0.128125
0 0.4890625 0.51484375 0.0828125 0.09921875
0 0.64375 0.68046875 0.11484375 0.17578125
0 0.5546875 0.68203125 0.07890625 0.17265625
0 0.75625 0.728125 0.0828125 0.14375
0 0.78984375 0.6046875 0.07421875 0.1265625
0 0.66328125 0.5625 0.11171875 0.11875
0 0.7234375 0.303125 0.05859375 0.14140625
0 0.640625 0.2984375 0.078125 0.1296875
0 0.565625 0.1796875 0.10859375 0.20234375
0 0.54609375 0.39140625 0.128125 0.14140625
