0 0.28390624999999997 0.5016861826697893 0.1164375 0.12126463700234193
0 0.29921875 0.48997658079625295 0.11340625 0.13882903981264638
0 0.408921875 0.40679156908665104 0.055484374999999996 0.11585480093676814
0 0.486734375 0.3181967213114754 0.058765625 0.09386416861826698
0 0.576265625 0.3743325526932084 0.085484375 0.0948711943793911
0 0.501390625 0.5544028103044496 0.0880625 0.14470725995316158
0 0.5744687500000001 0.6488290398126464 0.064609375 0.14327868852459016
0 0.26665625 0.7676580796252928 0.11079687499999999 0.13210772833723652
0 0.176640625 0.6981030444964871 0.073328125 0.14817330210772833
0 0.13253125 0.5402576112412177 0.049562499999999995 0.16325526932084308
0 0.193890625 0.5497658079625293 0.060140625 0.13250585480093677
0 0.18153125 0.4353161592505855 0.094828125 0.10562060889929743
0 0.22531249999999997 0.34943793911007026 0.094515625 0.0860655737704918