0 0.608984375 0.362373046875 0.21660156249999998 0.271806640625
0 0.5410807291666667 0.151904296875 0.18867838541666668 0.194052734375
0 0.6994921875000001 0.103466796875 0.19016927083333335 0.20693359375
0 0.35659505208333336 0.266318359375 0.15824869791666665 0.205263671875
0 0.2062109375 0.09212890625 0.14022786458333333 0.1554296875
0 0.4120963541666667 0.652138671875 0.18740885416666667 0.248662109375
0 0.28837890625 0.436318359375 0.17807942708333332 0.190908203125
0 0.27814453125 0.657724609375 0.13528645833333333 0.2375
0 0.42168619791666667 0.81697265625 0.17659505208333334 0.300576171875
0 0.5466536458333333 0.6707421875 0.13287109375 0.230068359375
0 0.5613671875 0.905830078125 0.11113932291666667 0.167548828125
0 0.6433723958333334 0.600927734375 0.17592447916666668 0.2499609375