0 0.1265625 0.34140625 0.0828125 0.125
0 0.284375 0.48203125 0.09375 0.10546875
0 0.41328125 0.46796875 0.07421875 0.1078125
0 0.51484375 0.48984375 0.09921875 0.15234375
0 0.653125 0.575 0.06171875 0.14921875
0 0.121875 0.54921875 0.0703125 0.13203125
0 0.2109375 0.5484375 0.07890625 0.17734375
0 0.303125 0.35234375 0.07734375 0.11484375
0 0.37421875 0.32265625 0.06640625 0.0953125
0 0.4125 0.19375 0.06796875 0.0625
0 0.49140625 0.29375 0.071875 0.13046875
0 0.66640625 0.28359375 0.07578125 0.08671875
0 0.75859375 0.303125 0.06640625 0.103125
0 0.91875 0.45390625 0.08359375 0.1390625
0 0.8296875 0.5546875 0.07265625 0.12578125
0 0.95546875 0.6359375 0.078125 0.109375
0 0.8390625 0.22890625 0.05859375 0.0875
0 0.915625 0.19609375 0.06015625 0.10234375
0 0.9578125 0.20859375 0.0515625 0.11875
