0 0.09786458333333332 0.43306640625 0.1069140625 0.1469921875
0 0.35497395833333334 0.4626171875 0.08828124999999999 0.13998046875
0 0.28652343750000003 0.58708984375 0.09962239583333334 0.1515625
0 0.41507812499999996 0.62115234375 0.07627604166666667 0.1836328125
0 0.5463020833333333 0.6329296875 0.114375 0.15005859375
0 0.490546875 0.50544921875 0.11502604166666668 0.0783984375
0 0.5713411458333334 0.4844140625 0.08833333333333333 0.102421875
0 0.6571614583333333 0.460859375 0.07166666666666667 0.1274609375
0 0.5920442708333333 0.33890625 0.07765625 0.1389453125
0 0.6648437500000001 0.19939453125 0.06699218750000001 0.12736328125
0 0.7104036458333334 0.27904296875 0.10028645833333333 0.11236328125
0 0.7175911458333334 0.4200390625 0.04786458333333333 0.1209375
0 0.8363020833333333 0.391484375 0.09140625000000001 0.1119140625
0 0.8401432291666667 0.2519921875 0.08506510416666667 0.118359375
0 0.8706901041666667 0.5770703125 0.08807291666666667 0.10748046875
0 0.9327864583333333 0.68677734375 0.06817708333333333 0.1225390625
0 0.6401171875 0.65322265625 0.0705859375 0.169609375
0 0.11289062500000001 0.63744140625 0.12494791666666666 0.1470703125
0 0.18666666666666668 0.50419921875 0.07604166666666666 0.1029296875