0 0.519650 0.399542 0.232612 0.162966
0 0.353593 0.452295 0.238134 0.156991
0 0.106372 0.837232 0.165801 0.142427
0 0.803531 0.213950 0.210460 0.143662
0 0.624434 0.652662 0.173061 0.130481
0 0.731083 0.345808 0.215665 0.142056
0 0.421903 0.322937 0.167150 0.097932
0 0.223990 0.656673 0.167283 0.121496
0 0.499926 0.703038 0.166212 0.139850
0 0.118399 0.418037 0.174080 0.113246
0 0.593251 0.762712 0.186485 0.124843
0 0.267542 0.361862 0.150479 0.149232
0 0.400349 0.550672 0.178972 0.130776
0 0.352975 0.250798 0.154485 0.134598
0 0.440773 0.187861 0.120990 0.081265
0 0.270298 0.551726 0.215433 0.115949