0 0.5609375 0.2578125 0.11640625 0.1265625
0 0.415625 0.340625 0.0953125 0.12890625
0 0.46015625 0.47265625 0.15234375 0.1171875
0 0.54921875 0.56875 0.13359375 0.103125
0 0.6671875 0.4 0.07890625 0.1578125
0 0.47578125 0.14921875 0.10625 0.09140625
0 0.3921875 0.19140625 0.11015625 0.10234375
0 0.21015625 0.5328125 0.0640625 0.10859375
0 0.28046875 0.53203125 0.0890625 0.08203125
0 0.2234375 0.44375 0.09453125 0.09140625
0 0.09375 0.5421875 0.10234375 0.0984375
0 0.1734375 0.65234375 0.096875 0.13125
0 0.228125 0.63828125 0.08828125 0.1
0 0.3 0.70390625 0.10078125 0.09296875
0 0.334375 0.84765625 0.09140625 0.1234375
0 0.821875 0.85 0.071875 0.10625
0 0.903125 0.934375 0.0984375 0.13046875
0 0.79453125 0.95625 0.103125 0.0875
0 0.94765625 0.66640625 0.07734375 0.1015625
0 0.978125 0.571875 0.04375 0.103125
0 0.7109375 0.3796875 0.0640625 0.14296875
0 0.8359375 0.23203125 0.0703125 0.10703125
0 0.91796875 0.18515625 0.09375 0.0984375
0 0.08984375 0.90859375 0.078125 0.0953125
0 0.19921875 0.82109375 0.03984375 0.14375
