0 0.534375 0.643519 0.069792 0.118519
0 0.669010 0.121759 0.059896 0.093519
0 0.603646 0.500000 0.060417 0.109259
0 0.511458 0.344444 0.050000 0.085185
0 0.625781 0.644907 0.066146 0.117593
0 0.627604 0.306019 0.071875 0.143519
0 0.660417 0.555556 0.039583 0.107407
0 0.270573 0.613426 0.054688 0.100926
0 0.313542 0.675000 0.046875 0.109259
0 0.407813 0.400000 0.038542 0.077778
0 0.209115 0.653241 0.044271 0.115741
0 0.518229 0.529630 0.052083 0.109259
0 0.569271 0.419444 0.039583 0.083333
0 0.790365 0.148611 0.056771 0.065741
0 0.264323 0.473148 0.042188 0.066667
0 0.324740 0.450000 0.032813 0.070370
0 0.364844 0.566204 0.031771 0.069444
0 0.435937 0.330093 0.036458 0.052778
0 0.487240 0.461574 0.030729 0.086111