0 0.52214375 0.6702420051858254 0.070675 0.16407087294727746
0 0.7233812500000001 0.613085566119274 0.096075 0.0958513396715644
0 0.74109375 0.5184788245462403 0.089825 0.11407087294727743
0 0.6956 0.7158686257562662 0.0905125 0.1573638720829732
0 0.8138437500000001 0.6728781331028522 0.09574999999999999 0.1088418323249784
0 0.85499375 0.5014261019878997 0.0759625 0.1289541918755402
0 0.93815625 0.5518496110630943 0.0723 0.09726879861711323
0 0.93486875 0.4159550561797753 0.09404375 0.10199654278305964
0 0.94736875 0.6880121002592913 0.06904375 0.1304580812445981
0 0.8754875 0.8200777873811582 0.07944375 0.13531547104580813
0 0.32038125 0.8167156439066552 0.0879875 0.07095937770095073
0 0.43480625000000006 0.8815557476231634 0.09391875000000001 0.11420051858254104
0 0.5740625 0.8520224719101124 0.10159375000000001 0.1559723422644771
0 0.5214500000000001 0.2473725151253241 0.0692875 0.11060501296456353
0 0.6608750000000001 0.16381158167675022 0.075225 0.1509161624891962
0 0.7515125 0.12346585998271391 0.06899375 0.11056179775280899
0 0.7070624999999999 0.04133967156439066 0.0967625 0.08267070008643043
0 0.65531875 0.3009161624891962 0.055775 0.11110630942091618
0 0.5214500000000001 0.04853932584269663 0.11929375 0.09707865168539326
0 0.24468125000000002 0.04373379429559205 0.10741875000000001 0.087476231633535
0 0.286525 0.14291270527225583 0.08901875000000001 0.06590319792566983
0 0.21394375 0.3155661192739845 0.0563625 0.12599827139152983