0 0.567060546875 0.4031011826544021 0.161171875 0.25040735873850195
0 0.643740234375 0.23540078843626805 0.101865234375 0.12817345597897503
0 0.44333984375 0.16651773981603155 0.10470703125 0.12181340341655716
0 0.45220703125 0.3529566360052563 0.120263671875 0.20269382391590013
0 0.51189453125 0.6688830486202365 0.165859375 0.268042049934297
0 0.4598046875 0.5096977660972405 0.17453125 0.14822601839684624
0 0.329580078125 0.5905124835742445 0.15279296875 0.2631406044678055
0 0.261572265625 0.4444809461235217 0.160009765625 0.19883048620236532
0 0.276767578125 0.24148488830486203 0.125283203125 0.14325886990801576
0 0.74591796875 0.542772667542707 0.173388671875 0.18860709592641262
0 0.735791015625 0.3446517739816031 0.119853515625 0.15850197109067019
0 0.78607421875 0.27893561103810777 0.1017578125 0.13808147174770039