0 0.248574 0.098194 0.109743 0.159582
0 0.277208 0.406744 0.098133 0.164787
0 0.224324 0.561352 0.106289 0.183830
0 0.510298 0.508929 0.097811 0.146804
0 0.454407 0.356529 0.107607 0.163521
0 0.580162 0.639454 0.091776 0.187613
0 0.390416 0.513127 0.093942 0.180721
0 0.594563 0.422856 0.089779 0.143868
0 0.511659 0.691152 0.076549 0.174629
0 0.661985 0.527843 0.080020 0.149187
0 0.121667 0.067069 0.094436 0.128415
0 0.690478 0.706138 0.076647 0.136449
0 0.926575 0.934634 0.097877 0.114684
0 0.381929 0.042531 0.100737 0.085061
0 0.684174 0.440505 0.079479 0.128447
