0 0.429167 0.605078 0.078125 0.141406
0 0.699219 0.546875 0.052604 0.085938
0 0.678125 0.412891 0.057292 0.082031
0 0.496354 0.642188 0.066667 0.087500
0 0.932292 0.465625 0.064583 0.118750
0 0.572135 0.811719 0.086979 0.131250
0 0.823698 0.367578 0.067187 0.108594
0 0.745052 0.448047 0.046354 0.089844
0 0.339062 0.701172 0.073958 0.127344
0 0.789583 0.508984 0.072917 0.108594
0 0.339062 0.551562 0.050000 0.085938
0 0.282813 0.654687 0.094792 0.148438
0 0.915885 0.289062 0.045312 0.071875
0 0.190365 0.430078 0.076563 0.119531
0 0.559375 0.564063 0.052083 0.073438
0 0.296354 0.435156 0.064583 0.070312
0 0.275000 0.540234 0.062500 0.075781
0 0.649740 0.550781 0.061979 0.107813
0 0.184115 0.500000 0.072396 0.101562
0 0.583854 0.617969 0.055208 0.093750
0 0.459115 0.463281 0.051562 0.073438
0 0.372396 0.759766 0.050000 0.082031
0 0.431771 0.789453 0.071875 0.121094
