0 0.452344 0.617593 0.061979 0.116667
0 0.376302 0.637037 0.053646 0.109259
0 0.737240 0.344907 0.056771 0.121296
0 0.119792 0.467130 0.073958 0.143519
0 0.252083 0.494444 0.082292 0.146296
0 0.833594 0.500000 0.065104 0.107407
0 0.815885 0.399074 0.075521 0.140741
0 0.013021 0.833796 0.025000 0.143519
0 0.202344 0.333796 0.053646 0.112037
0 0.607292 0.363889 0.043750 0.074074
0 0.910677 0.369907 0.067187 0.112037
0 0.960417 0.921296 0.046875 0.081481
0 0.127865 0.659259 0.047396 0.094444
0 0.887500 0.477315 0.056250 0.104630
0 0.686458 0.357407 0.050000 0.081481
0 0.020313 0.452315 0.039583 0.087963
0 0.013281 0.457870 0.025521 0.095370
0 0.392969 0.539352 0.035937 0.071296
0 0.712760 0.477778 0.046354 0.088889
0 0.506250 0.531019 0.037500 0.121296
0 0.350260 0.462500 0.030729 0.084259
0 0.061198 0.747685 0.038021 0.086111
0 0.058333 0.493519 0.035417 0.059259
0 0.009896 0.462037 0.018750 0.100000
0 0.652865 0.477315 0.035937 0.071296
0 0.052865 0.437037 0.031771 0.064815