0 0.370331 0.475140 0.140289 0.121849
0 0.529528 0.478291 0.188842 0.132353
0 0.453782 0.794993 0.138189 0.114146
0 0.287115 0.371761 0.161998 0.090861
0 0.140873 0.485907 0.141223 0.146884
0 0.852358 0.456670 0.102941 0.093312
0 0.706583 0.502714 0.128385 0.106268
0 0.717554 0.328694 0.120915 0.097164
0 0.243347 0.455532 0.140289 0.113796
0 0.672852 0.600053 0.112745 0.089811
0 0.503385 0.312588 0.139823 0.104867
0 0.802288 0.557335 0.116246 0.094013
0 0.193744 0.638393 0.132120 0.087710
0 0.741947 0.438550 0.116947 0.081232
0 0.503268 0.399160 0.130719 0.084034
0 0.119865 0.351015 0.112278 0.086485
