0 0.206869 0.231415 0.087859 0.112710
0 0.295527 0.358513 0.086262 0.208633
0 0.353035 0.374101 0.067093 0.158273
0 0.417732 0.491607 0.081470 0.167866
0 0.388179 0.452038 0.003195 0.002398
0 0.361022 0.736211 0.105431 0.158273
0 0.459265 0.788969 0.097444 0.196643
0 0.519968 0.732614 0.071885 0.136691
0 0.620607 0.605516 0.081470 0.184652
0 0.698882 0.679856 0.078275 0.131894
0 0.117412 0.393285 0.068690 0.196643
0 0.178914 0.311751 0.089457 0.143885
0 0.438498 0.288969 0.068690 0.146283
0 0.513578 0.453237 0.100639 0.163070
0 0.895367 0.189448 0.071885 0.163070
0 0.910543 0.043165 0.105431 0.081535
0 0.968051 0.065947 0.060703 0.127098
0 0.409744 0.200240 0.084665 0.093525
0 0.287540 0.751799 0.067093 0.146283
