0 0.371176 0.824869 0.086876 0.168385
0 0.767636 0.446251 0.104134 0.167142
0 0.640848 0.196383 0.080587 0.112703
0 0.146388 0.706419 0.081004 0.123471
0 0.442911 0.663836 0.077853 0.127231
0 0.560410 0.748816 0.100707 0.186358
0 0.715502 0.526847 0.100657 0.169308
0 0.463233 0.548389 0.110198 0.124570
0 0.930721 0.639024 0.094970 0.141762
0 0.801596 0.766228 0.080729 0.104725
0 0.497949 0.695779 0.092912 0.186699
0 0.709159 0.153695 0.075695 0.132169
0 0.657489 0.467397 0.072422 0.130163
0 0.150349 0.568818 0.071903 0.126620
0 0.438185 0.774988 0.087150 0.156067
0 0.812693 0.132013 0.091667 0.120512
0 0.710099 0.398143 0.085310 0.156893
0 0.209685 0.727877 0.086964 0.153038
0 0.211183 0.552064 0.093250 0.143132
0 0.541409 0.616618 0.075544 0.118679
0 0.153694 0.487466 0.079181 0.107555
0 0.097131 0.606127 0.066824 0.097656
0 0.820992 0.666885 0.069936 0.138114
0 0.204102 0.637745 0.090269 0.123159
0 0.815847 0.860415 0.083649 0.136464
0 0.317257 0.649940 0.076774 0.132358
0 0.038431 0.785662 0.073681 0.176117
0 0.659107 0.618362 0.105393 0.204723
0 0.141855 0.799299 0.087767 0.112235
