0 0.691146 0.392014 0.067708 0.078472
0 0.584635 0.453472 0.078646 0.097222
0 0.345833 0.180208 0.061458 0.088194
0 0.538021 0.687500 0.079167 0.102778
0 0.409635 0.464931 0.066146 0.097917
0 0.491406 0.446181 0.068229 0.081250
0 0.477344 0.593403 0.078646 0.107639
0 0.363021 0.383681 0.052083 0.077083
0 0.335156 0.266319 0.049479 0.065972
0 0.405208 0.345486 0.056250 0.084028
0 0.514323 0.498958 0.052604 0.059028
0 0.988802 0.865625 0.022396 0.070139
0 0.380729 0.232986 0.057292 0.071528
0 0.017188 0.394792 0.033333 0.061806
0 0.957812 0.352083 0.053125 0.061111
0 0.818490 0.437847 0.038021 0.045139
0 0.678646 0.566667 0.072917 0.084722
0 0.728125 0.485417 0.069792 0.091667
0 0.579948 0.580903 0.058854 0.102083
0 0.111719 0.134722 0.041146 0.068056
0 0.277344 0.213889 0.064062 0.093056
0 0.984115 0.442361 0.031771 0.068056
0 0.661458 0.169792 0.051042 0.053472
0 0.639844 0.558681 0.045312 0.072917
0 0.278906 0.198264 0.057813 0.065972
0 0.575000 0.962847 0.053125 0.074306
0 0.791667 0.078472 0.030208 0.045833
0 0.686979 0.501042 0.089583 0.089583
0 0.683073 0.123958 0.035937 0.042361
0 0.348438 0.564931 0.042708 0.088194
0 0.640885 0.447917 0.053646 0.095833
0 0.335417 0.331597 0.055208 0.070139
0 0.889062 0.131597 0.029167 0.043750
0 0.346094 0.447222 0.050521 0.070833
0 0.403906 0.596181 0.053646 0.070139
0 0.568229 0.937153 0.040625 0.057639
0 0.978906 0.389236 0.039062 0.053472
0 0.420573 0.685417 0.060937 0.070833
0 0.222656 0.248958 0.035937 0.056250
0 0.099740 0.263194 0.041146 0.050000
0 0.279948 0.333333 0.053646 0.070833
0 0.398177 0.656944 0.051562 0.062500
