0 0.516406 0.629297 0.063021 0.100781
0 0.321875 0.414062 0.055208 0.084375
0 0.527865 0.725000 0.057813 0.096875
0 0.428646 0.419141 0.063542 0.088281
0 0.622917 0.416016 0.072917 0.088281
0 0.309375 0.549609 0.073958 0.102344
0 0.247135 0.373047 0.059896 0.083594
0 0.647396 0.143750 0.054167 0.082812
0 0.475781 0.473047 0.054688 0.088281
0 0.497135 0.370312 0.066146 0.125000
0 0.714844 0.425000 0.028646 0.067187
0 0.188542 0.461328 0.040625 0.077344
0 0.471615 0.657813 0.047396 0.078125
0 0.613802 0.071875 0.028646 0.053125
0 0.559635 0.086719 0.051562 0.073438
0 0.681771 0.183203 0.036458 0.064844
0 0.580990 0.168359 0.050521 0.080469
0 0.299740 0.350000 0.050521 0.089063
0 0.542708 0.109766 0.047917 0.078906
0 0.461198 0.560937 0.060937 0.104688
0 0.455729 0.746484 0.073958 0.097656
0 0.703385 0.303125 0.036979 0.070312
