0 0.274219 0.485156 0.129688 0.079687
0 0.404687 0.501563 0.062500 0.090625
0 0.494531 0.491406 0.057813 0.082812
0 0.560156 0.553125 0.057813 0.087500
0 0.384375 0.621875 0.071875 0.100000
0 0.471094 0.683594 0.085938 0.082812
0 0.402344 0.745313 0.079687 0.087500
0 0.406250 0.742188 0.084375 0.078125
0 0.452344 0.853906 0.092188 0.089063
0 0.547656 0.797656 0.079687 0.060937
0 0.556250 0.737500 0.109375 0.040625
0 0.695312 0.717187 0.059375 0.137500
0 0.878125 0.760156 0.068750 0.107813
0 0.768750 0.581250 0.087500 0.103125
0 0.196875 0.682813 0.103125 0.103125
0 0.275000 0.696875 0.090625 0.084375
0 0.351562 0.875781 0.087500 0.117188
0 0.116406 0.574219 0.110937 0.079687
0 0.679688 0.485938 0.087500 0.062500
0 0.874219 0.606250 0.076563 0.093750
0 0.956250 0.541406 0.043750 0.104688
0 0.562500 0.671094 0.081250 0.082812
0 0.772656 0.724219 0.064062 0.095312
