0 0.38359375 0.4390625 0.13515625 0.14921875
0 0.51796875 0.50625 0.096875 0.13828125
0 0.4421875 0.5609375 0.1078125 0.1453125
0 0.38671875 0.6859375 0.115625 0.1625
0 0.4875 0.72734375 0.1234375 0.13984375
0 0.58359375 0.60703125 0.12890625 0.1765625
0 0.759375 0.603125 0.1015625 0.14453125
0 0.70703125 0.4890625 0.08984375 0.1484375
0 0.80625 0.44921875 0.13125 0.13359375
0 0.8515625 0.5796875 0.12109375 0.1265625
0 0.81484375 0.71796875 0.1046875 0.15859375
0 0.575 0.26640625 0.0890625 0.14921875
0 0.47265625 0.23671875 0.08125 0.140625
0 0.37578125 0.3 0.10546875 0.1546875
0 0.29921875 0.27109375 0.13828125 0.12734375
0 0.234375 0.0640625 0.10546875 0.115625
