0 0.026823 0.272685 0.053646 0.137963
0 0.592448 0.579630 0.079687 0.168519
0 0.786458 0.527778 0.093750 0.198148
0 0.105469 0.312037 0.093229 0.151852
0 0.282552 0.594444 0.080729 0.133333
0 0.417708 0.433796 0.059375 0.143519
0 0.271354 0.450463 0.063542 0.134259
0 0.209896 0.511111 0.036458 0.109259
0 0.347135 0.507870 0.074479 0.141667
0 0.169271 0.218981 0.048958 0.134259
0 0.537240 0.604167 0.046354 0.128704
0 0.779167 0.348148 0.090625 0.112963
0 0.502083 0.393056 0.058333 0.104630
0 0.547396 0.419907 0.039583 0.104630
0 0.288542 0.331944 0.041667 0.058333
0 0.351823 0.299537 0.056771 0.050926