0 0.425 0.62890625 0.0796875 0.15546875
0 0.55546875 0.77734375 0.1359375 0.290625
0 0.43671875 0.83046875 0.10625 0.21640625
0 0.68828125 0.6578125 0.153125 0.23046875
0 0.615625 0.53984375 0.14609375 0.1734375
0 0.7328125 0.29140625 0.11953125 0.30078125
0 0.53515625 0.08359375 0.15859375 0.16640625
0 0.35703125 0.1078125 0.1328125 0.2109375
0 0.28359375 0.28515625 0.12578125 0.20859375
0 0.44140625 0.425 0.12421875 0.16328125
0 0.33203125 0.4671875 0.14765625 0.146875
0 0.26640625 0.62421875 0.1125 0.17265625
0 0.3140625 0.66875 0.1203125 0.1765625
