0 0.506250 0.685417 0.084375 0.095833
0 0.814063 0.805208 0.057292 0.081250
0 0.273177 0.561806 0.084896 0.104167
0 0.902344 0.837153 0.060937 0.103472
0 0.452344 0.723611 0.072396 0.105556
0 0.576302 0.661806 0.052604 0.048611
0 0.842187 0.860764 0.085417 0.088194
0 0.299740 0.089236 0.047396 0.065972
0 0.435417 0.847917 0.058333 0.115278
0 0.604948 0.858333 0.072396 0.133333
0 0.757552 0.802778 0.067187 0.091667
0 0.717187 0.894792 0.079167 0.095139
0 0.214583 0.312153 0.070833 0.107639
0 0.345573 0.514583 0.065104 0.126389
0 0.415885 0.393403 0.058854 0.096528
