0 0.496875 0.694184 0.096250 0.138837
0 0.160625 0.517824 0.126250 0.108818
0 0.163750 0.579737 0.070000 0.075047
0 0.084375 0.607880 0.078750 0.090056
0 0.139375 0.702627 0.073750 0.095685
0 0.204375 0.651970 0.056250 0.125704
0 0.353750 0.703565 0.075000 0.097561
0 0.370625 0.833021 0.101250 0.127580
0 0.561250 0.763602 0.085000 0.131332
0 0.457500 0.804878 0.105000 0.131332
0 0.809375 0.762664 0.093750 0.118199
0 0.924375 0.639775 0.098750 0.120075
0 0.765000 0.445591 0.110000 0.163227
0 0.710625 0.547842 0.088750 0.123827
0 0.699375 0.420263 0.091250 0.150094
0 0.603125 0.533771 0.038750 0.136961
0 0.668750 0.590994 0.070000 0.120075
0 0.633750 0.207317 0.087500 0.140713
0 0.711250 0.162289 0.065000 0.140713
0 0.824375 0.121951 0.113750 0.157598
0 0.675000 0.292683 0.090000 0.071295
0 0.764375 0.290807 0.076250 0.108818
