0 0.463802 0.612037 0.063021 0.116667
0 0.388281 0.630556 0.056771 0.111111
0 0.826302 0.399074 0.073438 0.133333
0 0.264583 0.485648 0.078125 0.141667
0 0.018490 0.811574 0.035937 0.126852
0 0.133854 0.452315 0.075000 0.139815
0 0.745833 0.341667 0.056250 0.118519
0 0.973698 0.917593 0.048438 0.083333
0 0.140365 0.650463 0.049479 0.102778
0 0.916927 0.371759 0.061979 0.108333
0 0.846875 0.490741 0.064583 0.107407
0 0.901042 0.473148 0.055208 0.105556
0 0.618490 0.361574 0.043229 0.078704
0 0.724740 0.471296 0.048438 0.085185
0 0.207552 0.328241 0.051562 0.112037
0 0.514062 0.525000 0.044792 0.118519
0 0.070052 0.488426 0.038021 0.062037
0 0.703646 0.347685 0.055208 0.087963
0 0.402865 0.531481 0.033854 0.066667
0 0.010156 0.488426 0.019271 0.091667
0 0.037760 0.432870 0.045312 0.091667
0 0.359896 0.454167 0.035417 0.087963
0 0.666667 0.472222 0.034375 0.059259
0 0.580208 0.196296 0.046875 0.088889
0 0.197135 0.328704 0.046354 0.114815
0 0.011719 0.462037 0.022396 0.127778
0 0.215885 0.325926 0.047396 0.109259
0 0.282292 0.367130 0.041667 0.056481