0 0.336884 0.353002 0.093936 0.181874
0 0.601474 0.607610 0.085643 0.165977
0 0.214361 0.060375 0.081331 0.116029
0 0.583565 0.761373 0.084235 0.137576
0 0.666363 0.834445 0.097908 0.148862
0 0.521083 0.574423 0.058313 0.150819
0 0.416311 0.236957 0.085092 0.158730
0 0.698319 0.675237 0.073430 0.142514
0 0.300168 0.207794 0.085509 0.110523
0 0.546369 0.349551 0.080325 0.106422
0 0.383068 0.096812 0.087269 0.109403
0 0.501253 0.775738 0.054553 0.145036
0 0.463349 0.111598 0.087099 0.111954
0 0.142492 0.065760 0.078319 0.108863
0 0.586623 0.253429 0.085316 0.087351
