0 0.496875 0.693750 0.096094 0.139844
0 0.509375 0.690625 0.113281 0.145313
0 0.164062 0.580469 0.069531 0.074219
0 0.084375 0.607813 0.078125 0.089062
0 0.139062 0.703125 0.073438 0.095312
0 0.204688 0.652344 0.057031 0.126562
0 0.353125 0.703125 0.075000 0.097656
0 0.371094 0.832812 0.100781 0.126562
0 0.561719 0.763281 0.085156 0.132031
0 0.457031 0.804688 0.104687 0.130469
0 0.809375 0.763281 0.092969 0.119531
0 0.924219 0.639844 0.098438 0.121094
0 0.764844 0.446094 0.110156 0.164062
0 0.710938 0.548437 0.088281 0.122656
0 0.699219 0.421094 0.091406 0.150781
0 0.603125 0.534375 0.038281 0.137500
0 0.668750 0.590625 0.071094 0.121094
0 0.633594 0.206250 0.088281 0.140625
0 0.710938 0.163281 0.065625 0.140625
0 0.824219 0.121875 0.113281 0.158594
0 0.675000 0.292188 0.090625 0.070312
0 0.764063 0.291406 0.076563 0.108594
