0 0.349755 0.472790 0.163746 0.228610
0 0.428482 0.691734 0.085460 0.141367
0 0.532377 0.593581 0.149609 0.208527
0 0.678419 0.480673 0.099986 0.185561
0 0.674172 0.644575 0.104540 0.162942
0 0.353787 0.631570 0.088307 0.130819
0 0.197588 0.514722 0.131496 0.186108
0 0.368753 0.293852 0.122630 0.168996
0 0.639325 0.894720 0.109981 0.164683
0 0.567767 0.756202 0.117713 0.172207
0 0.331946 0.781800 0.096205 0.133892
0 0.585054 0.404136 0.113538 0.154506
0 0.250192 0.316598 0.113323 0.148807
0 0.242651 0.627787 0.116572 0.185821
0 0.754957 0.561833 0.065729 0.173705
0 0.233708 0.159390 0.084469 0.125419
