0 0.748130 0.669527 0.145649 0.099159
0 0.534760 0.260771 0.113286 0.070432
0 0.242519 0.316632 0.148153 0.094511
0 0.502896 0.355875 0.179748 0.134422
0 0.706170 0.575354 0.154545 0.075315
0 0.581636 0.629863 0.111601 0.085774
0 0.801560 0.612669 0.106386 0.070466
0 0.618640 0.781747 0.121071 0.103733
0 0.652186 0.292964 0.119867 0.090932
0 0.704153 0.479882 0.160890 0.096127
0 0.660723 0.361041 0.113863 0.100430
0 0.577859 0.430550 0.143365 0.106798
0 0.510148 0.663530 0.111326 0.091555
0 0.562952 0.543575 0.123288 0.082443
0 0.321061 0.261745 0.134056 0.085800
0 0.871415 0.658412 0.091918 0.073455
