0 0.507292 0.720370 0.057292 0.114815
0 0.508854 0.587500 0.052083 0.091667
0 0.458854 0.638889 0.045833 0.107407
0 0.684375 0.312037 0.041667 0.092593
0 0.632292 0.706481 0.064583 0.098148
0 0.591927 0.502778 0.068229 0.100000
0 0.186979 0.917130 0.045833 0.076852
0 0.796354 0.235648 0.066667 0.154630
0 0.310937 0.952315 0.072917 0.086111
0 0.862500 0.341667 0.070833 0.172222
0 0.698698 0.191204 0.054688 0.121296
0 0.133594 0.951389 0.035937 0.082407
0 0.198177 0.824074 0.034896 0.044444
0 0.986198 0.969444 0.027604 0.055556
0 0.267188 0.857870 0.048958 0.043519
0 0.980729 0.403704 0.037500 0.088889