0 0.2609375 0.30390625 0.1484375 0.20390625
0 0.278125 0.30703125 0.16484375 0.19140625
0 0.28046875 0.54296875 0.11953125 0.259375
0 0.39921875 0.57890625 0.13515625 0.196875
0 0.53125 0.5625 0.11875 0.18359375
0 0.66796875 0.6203125 0.146875 0.1515625
0 0.7671875 0.49296875 0.1140625 0.2203125
0 0.7546875 0.31484375 0.134375 0.14453125
0 0.671875 0.23828125 0.15 0.20078125
0 0.49453125 0.421875 0.17578125 0.196875
0 0.48515625 0.25 0.2015625 0.1078125
0 0.52421875 0.13046875 0.1359375 0.15390625
0 0.371875 0.1875 0.1375 0.16640625
