0 0.41283593749999997 0.4162954279015241 0.0945546875 0.13701055099648302
0 0.559015625 0.37378663540445484 0.1173828125 0.1223329425556858
0 0.491625 0.5701992966002345 0.1036875 0.12241500586166472
0 0.59059375 0.6339507620164127 0.08678125 0.17080890973036342
0 0.7019296875000001 0.5770339976553341 0.0438359375 0.12437280187573271
0 0.64528125 0.5931535756154748 0.04603125 0.1214419695193435
0 0.31484375 0.675474794841735 0.08996875 0.09558030480656507
0 0.2593203125 0.7995545134818288 0.1050546875 0.13692848769050409
0 0.1842890625 0.720187573270809 0.0671484375 0.18207502930832356
0 0.11625 0.553094958968347 0.05215625 0.14683470105509966
0 0.1891640625 0.557010550996483 0.0676328125 0.14879249706916764
0 0.29400781249999997 0.5005744431418523 0.10689843750000001 0.07988276670574443
0 0.1961796875 0.4536694021101993 0.1163125 0.09158264947245018
0 0.1782734375 0.33715123094958965 0.11565624999999999 0.1428487690504103
0 0.24679687499999997 0.2614185228604924 0.051539062499999996 0.0617116060961313
0 0.32492187499999997 0.3073388042203986 0.077359375 0.07150058616647129