0 0.780725 0.529578 0.098292 0.206704
0 0.302233 0.768872 0.139180 0.314983
0 0.315742 0.416348 0.116303 0.169223
0 0.355399 0.538833 0.104717 0.177253
0 0.447938 0.634672 0.125773 0.248572
0 0.500529 0.442886 0.113055 0.196341
0 0.224921 0.551612 0.113287 0.221618
0 0.342775 0.267498 0.101893 0.125690
0 0.769287 0.330778 0.097568 0.122204
0 0.511862 0.209722 0.109075 0.160465
0 0.698970 0.463941 0.086239 0.156999
0 0.869720 0.309283 0.093530 0.124848
0 0.163598 0.703835 0.102204 0.147849
0 0.963812 0.850741 0.068729 0.137017
