0 0.457917 0.489326 0.029167 0.037079
0 0.429583 0.547191 0.017500 0.022472
0 0.450417 0.533146 0.017500 0.032584
0 0.512917 0.493258 0.020833 0.022472
0 0.527500 0.475281 0.026667 0.024719
0 0.540417 0.518539 0.022500 0.030337
0 0.707917 0.675843 0.030833 0.034831
0 0.687083 0.676966 0.029167 0.037079
0 0.327083 0.524157 0.029167 0.039326
0 0.235833 0.456180 0.031667 0.031461
0 0.173750 0.486517 0.022500 0.042697
0 0.153750 0.515730 0.045833 0.058427
0 0.202083 0.474157 0.022500 0.035955
0 0.286667 0.498876 0.040000 0.053933
0 0.353750 0.515730 0.030833 0.051685
0 0.330000 0.483708 0.046667 0.057303
0 0.740417 0.528090 0.034167 0.040449
0 0.807917 0.512360 0.029167 0.035955
0 0.645000 0.581461 0.036667 0.041573
0 0.410000 0.565730 0.040000 0.048315
0 0.401250 0.509551 0.035833 0.039326
0 0.582500 0.520225 0.035000 0.044944
