0 0.521875 0.670313 0.070312 0.164062
0 0.723437 0.613281 0.096094 0.096094
0 0.741406 0.518750 0.089844 0.114063
0 0.695312 0.715625 0.090625 0.157031
0 0.814062 0.672656 0.096094 0.108594
0 0.854688 0.501562 0.075781 0.128906
0 0.938281 0.551562 0.072656 0.097656
0 0.935156 0.415625 0.093750 0.102344
0 0.947656 0.688281 0.068750 0.130469
0 0.875781 0.820312 0.079687 0.135156
0 0.320312 0.816406 0.088281 0.071094
0 0.435156 0.881250 0.093750 0.114063
0 0.574219 0.852344 0.101562 0.156250
0 0.521094 0.247656 0.069531 0.110937
0 0.660937 0.164062 0.075000 0.150781
0 0.751562 0.123438 0.068750 0.110937
0 0.707031 0.041406 0.096875 0.082813
0 0.655469 0.300781 0.055469 0.110937
0 0.521094 0.048437 0.119531 0.096875
0 0.244531 0.043750 0.107813 0.087500
0 0.286719 0.142969 0.089063 0.065625
0 0.214062 0.315625 0.056250 0.125781
