0 0.687791 0.397033 0.115116 0.137871
0 0.607558 0.543630 0.117442 0.141361
0 0.747093 0.498255 0.112791 0.148342
0 0.131977 0.612565 0.115116 0.153578
0 0.685465 0.274869 0.124419 0.102967
0 0.231395 0.548866 0.111628 0.148342
0 0.433140 0.723386 0.087209 0.148342
0 0.347674 0.355148 0.120930 0.137871
0 0.587791 0.393543 0.117442 0.141361
0 0.430814 0.438045 0.103488 0.139616
0 0.684884 0.664921 0.111628 0.143106
0 0.409884 0.857766 0.098837 0.123909
0 0.429651 0.287958 0.087209 0.104712
0 0.543605 0.720768 0.068605 0.164049
0 0.496512 0.546248 0.097674 0.160558
0 0.802326 0.730366 0.097674 0.130890
0 0.101163 0.457243 0.081395 0.094241
0 0.177907 0.432810 0.106977 0.122164
