0 0.37768333333333337 0.44506666666666667 0.17906666666666665 0.20471111111111112
0 0.49268333333333336 0.3275111111111111 0.10908333333333334 0.1296
0 0.6945666666666667 0.35913333333333336 0.19285 0.2758
0 0.8519833333333333 0.5068222222222222 0.14123333333333332 0.2630222222222222
0 0.7394 0.5858444444444444 0.21583333333333332 0.2195777777777778
0 0.5151 0.7641333333333333 0.20208333333333334 0.20877777777777778
0 0.42268333333333336 0.8742888888888889 0.21796666666666667 0.2335111111111111
0 0.8492166666666666 0.9439555555555555 0.20659999999999998 0.11208888888888889
0 0.18765 0.5996666666666667 0.18125 0.20575555555555555
0 0.23636666666666664 0.40555555555555556 0.15643333333333334 0.14937777777777778
0 0.0656 0.4897777777777778 0.0949 0.22595555555555558
0 0.07725 0.6865555555555556 0.11511666666666666 0.20120000000000002
0 0.5604833333333333 0.2232888888888889 0.15133333333333332 0.08706666666666667