0 0.413542 0.821759 0.071875 0.123148
0 0.389062 0.676389 0.059375 0.108333
0 0.338802 0.492130 0.048438 0.089815
0 0.435156 0.315278 0.056771 0.110185
0 0.146354 0.815741 0.055208 0.114815
0 0.323177 0.818519 0.068229 0.116667
0 0.097396 0.762037 0.053125 0.092593
0 0.230729 0.556481 0.037500 0.083333
0 0.405729 0.492130 0.054167 0.119444
0 0.455469 0.724074 0.046354 0.107407
0 0.170313 0.583333 0.042708 0.083333
0 0.310417 0.704630 0.047917 0.100000
0 0.525521 0.276389 0.066667 0.076852
0 0.260417 0.481944 0.041667 0.060185
0 0.558594 0.352315 0.057813 0.075000
0 0.045052 0.803241 0.042188 0.108333
0 0.206771 0.702315 0.036458 0.071296
0 0.312500 0.594444 0.037500 0.079630
0 0.946875 0.842593 0.031250 0.083333