0 0.209375 0.193981 0.058333 0.121296
0 0.497656 0.456944 0.052604 0.123148
0 0.880990 0.454630 0.071354 0.122222
0 0.659115 0.411111 0.056771 0.114815
0 0.515365 0.582870 0.069271 0.100926
0 0.817969 0.556944 0.051562 0.115741
0 0.706771 0.382407 0.053125 0.122222
0 0.836458 0.318981 0.052083 0.115741
0 0.504687 0.325000 0.043750 0.081481
0 0.133854 0.142130 0.037500 0.084259
0 0.726562 0.724537 0.058333 0.104630
0 0.448698 0.567593 0.054688 0.109259
0 0.138021 0.043981 0.089583 0.086111
0 0.234635 0.107407 0.036979 0.079630
0 0.673958 0.593981 0.069792 0.137963
0 0.771354 0.493056 0.043750 0.113889
0 0.759115 0.293056 0.076563 0.136111
0 0.875260 0.609722 0.076563 0.163889
0 0.609896 0.614815 0.072917 0.135185
0 0.653385 0.709259 0.077604 0.127778
0 0.284896 0.150463 0.030208 0.093519
0 0.947135 0.217593 0.050521 0.111111
0 0.654687 0.210648 0.028125 0.076852
0 0.287760 0.082870 0.025521 0.080556
0 0.588542 0.417593 0.029167 0.101852
0 0.555990 0.550463 0.030729 0.087963