0 0.175722 0.488600 0.135061 0.242504
0 0.325964 0.567216 0.140853 0.255756
0 0.161336 0.261038 0.143527 0.234920
0 0.601597 0.436980 0.121911 0.235486
0 0.574765 0.701136 0.108686 0.200429
0 0.505256 0.556325 0.117878 0.188801
0 0.473912 0.666543 0.095535 0.152965
0 0.532834 0.288572 0.127109 0.188397
0 0.250449 0.319538 0.112933 0.177770
0 0.827893 0.636652 0.111413 0.162619
0 0.937163 0.370058 0.113718 0.170226
0 0.501681 0.845382 0.111439 0.172514
0 0.859755 0.266621 0.089121 0.138119
0 0.910224 0.544893 0.109705 0.216245
