0 0.161886 0.537115 0.089501 0.169653
0 0.707077 0.284974 0.080659 0.112617
0 0.147098 0.214037 0.096118 0.149480
0 0.298780 0.532163 0.084239 0.140636
0 0.195207 0.695631 0.066963 0.161834
0 0.253790 0.681211 0.077120 0.146087
0 0.249173 0.481340 0.077822 0.138159
0 0.765623 0.350650 0.062767 0.116927
0 0.146188 0.387647 0.080163 0.148014
0 0.280344 0.098552 0.096819 0.154059
0 0.697438 0.440938 0.073628 0.122535
0 0.432580 0.365795 0.059612 0.112974
0 0.369993 0.314507 0.051278 0.070146
0 0.471717 0.490154 0.063418 0.143592
