0 0.515250 0.304432 0.105110 0.156902
0 0.408866 0.316895 0.081424 0.137600
0 0.675910 0.228977 0.083365 0.123504
0 0.626951 0.387202 0.083241 0.116623
0 0.589748 0.631261 0.079682 0.125727
0 0.355523 0.501980 0.084039 0.118566
0 0.487380 0.874413 0.074893 0.127590
0 0.539770 0.960899 0.073380 0.078203
0 0.516438 0.518820 0.089511 0.144846
0 0.636376 0.783999 0.076226 0.126781
0 0.381509 0.722140 0.078763 0.102742
0 0.331909 0.675427 0.066520 0.115814
0 0.489336 0.590613 0.080040 0.084571
0 0.578448 0.806175 0.074928 0.143423
0 0.302415 0.532998 0.057042 0.068796
0 0.751209 0.247740 0.044495 0.103818
0 0.670689 0.674011 0.048828 0.075054
0 0.363214 0.271598 0.045025 0.098878
0 0.689200 0.134634 0.086215 0.113506
0 0.436038 0.920644 0.071230 0.144942
0 0.572397 0.195132 0.094437 0.128444
0 0.401081 0.532710 0.044563 0.079450
