0 0.639062 0.514844 0.078125 0.093750
0 0.885156 0.391797 0.052604 0.102344
0 0.180729 0.589063 0.056250 0.101562
0 0.923698 0.926172 0.046354 0.094531
0 0.925000 0.856250 0.061458 0.078125
0 0.308073 0.566406 0.076563 0.106250
0 0.331771 0.405078 0.076042 0.121094
0 0.825781 0.592578 0.057813 0.075781
0 0.731510 0.407422 0.064062 0.114844
0 0.590104 0.504687 0.078125 0.093750
0 0.790104 0.446875 0.078125 0.093750
0 0.301042 0.500391 0.076042 0.064844
0 0.452604 0.351953 0.066667 0.083594
0 0.518229 0.371484 0.061458 0.083594
0 0.603646 0.445312 0.059375 0.064062
0 0.788021 0.393359 0.048958 0.088281
0 0.590625 0.367969 0.062500 0.085938
0 0.853125 0.472266 0.045833 0.125781
