0 0.629167 0.649074 0.067708 0.111111
0 0.316667 0.557407 0.044792 0.087037
0 0.528646 0.552778 0.032292 0.094444
0 0.710938 0.600926 0.064583 0.142593
0 0.355990 0.937963 0.063021 0.116667
0 0.637500 0.309722 0.051042 0.067593
0 0.280469 0.185185 0.044271 0.087037
0 0.327604 0.399074 0.043750 0.072222
0 0.867969 0.155093 0.059896 0.126852
0 0.422135 0.895370 0.027604 0.088889
0 0.310156 0.245833 0.042188 0.067593
0 0.220312 0.138889 0.034375 0.061111
0 0.206771 0.231944 0.054167 0.093519
0 0.347135 0.673611 0.045312 0.095370
0 0.629948 0.489352 0.071354 0.113889
0 0.262760 0.573148 0.038021 0.059259
0 0.400260 0.582870 0.038021 0.071296
0 0.530208 0.431019 0.029167 0.069444
0 0.338281 0.201389 0.046354 0.091667
0 0.155469 0.750926 0.040104 0.055556
0 0.236719 0.031019 0.033854 0.043519
0 0.925260 0.253241 0.046354 0.149074