0 0.922396 0.873437 0.063542 0.044531
0 0.156771 0.181641 0.054167 0.044531
0 0.141667 0.848047 0.068750 0.049219
0 0.227865 0.314063 0.047396 0.038281
0 0.352344 0.631836 0.042188 0.038672
0 0.226823 0.199219 0.043229 0.043750
0 0.295573 0.639258 0.049479 0.030078
0 0.937760 0.956836 0.051562 0.044141
0 0.120052 0.308398 0.046354 0.037891
0 0.073958 0.749805 0.053125 0.052734
0 0.063021 0.023828 0.056250 0.042188
0 0.375260 0.878125 0.056771 0.032031
0 0.164583 0.119336 0.051042 0.047266
0 0.234115 0.249805 0.048438 0.049609
0 0.334115 0.849805 0.052604 0.050391
0 0.300260 0.527734 0.052604 0.048438
0 0.637760 0.780273 0.055729 0.044922
0 0.225521 0.934375 0.056250 0.038281
0 0.675000 0.577148 0.055208 0.045703
0 0.224219 0.245508 0.061979 0.058984
0 0.057552 0.894727 0.041146 0.053516
0 0.470833 0.796875 0.076042 0.058594
0 0.479427 0.392773 0.050521 0.060547
