0 0.507031 0.599532 0.092188 0.121780
0 0.296094 0.298595 0.064062 0.081967
0 0.115625 0.475410 0.075000 0.098361
0 0.415625 0.530445 0.084375 0.100703
0 0.362500 0.371194 0.071875 0.119438
0 0.232031 0.564403 0.067187 0.107728
0 0.624219 0.327869 0.085938 0.112412
0 0.453125 0.331382 0.065625 0.077283
0 0.492969 0.435597 0.073438 0.103044
0 0.621094 0.214286 0.060937 0.081967
0 0.571094 0.221311 0.067187 0.114754
0 0.540625 0.371194 0.062500 0.100703
0 0.392188 0.264637 0.062500 0.088993
0 0.573438 0.469555 0.068750 0.114754
0 0.600000 0.094848 0.075000 0.081967
0 0.451562 0.409836 0.065625 0.084309
0 0.709375 0.215457 0.043750 0.117096
0 0.139844 0.370023 0.057813 0.060890
0 0.194531 0.398126 0.048438 0.065574
0 0.245312 0.425059 0.053125 0.077283
0 0.430469 0.231850 0.076563 0.098361
0 0.508594 0.256440 0.067187 0.119438
