0 0.3265625 0.64921875 0.05390625 0.06484375
0 0.371875 0.67578125 0.03203125 0.053125
0 0.3984375 0.63203125 0.03203125 0.08828125
0 0.41640625 0.33515625 0.04296875 0.071875
0 0.4703125 0.30859375 0.0625 0.06171875
0 0.6046875 0.3296875 0.05234375 0.04921875
0 0.55234375 0.33984375 0.04453125 0.07578125
0 0.56875 0.4171875 0.059375 0.07421875
0 0.596875 0.203125 0.0375 0.08359375
0 0.67578125 0.1796875 0.03984375 0.0546875
0 0.71015625 0.1484375 0.05390625 0.0546875
0 0.79921875 0.37890625 0.0375 0.07890625
0 0.93046875 0.35390625 0.05390625 0.040625
0 0.853125 0.41796875 0.0421875 0.0828125
