0 0.535000 0.697000 0.122500 0.088000
0 0.585000 0.315000 0.157500 0.076000
0 0.732500 0.609000 0.127500 0.104000
0 0.486875 0.584500 0.168750 0.079000
0 0.530625 0.189000 0.103750 0.068000
0 0.654375 0.309000 0.121250 0.074000
0 0.520625 0.783500 0.111250 0.081000
0 0.483125 0.241500 0.081250 0.065000
0 0.340625 0.103000 0.081250 0.064000
0 0.200625 0.126500 0.101250 0.065000
0 0.477500 0.311500 0.115000 0.079000
0 0.573750 0.515500 0.097500 0.069000
0 0.653750 0.466000 0.095000 0.066000
0 0.766875 0.293500 0.071250 0.043000
0 0.733750 0.329500 0.060000 0.061000
0 0.611875 0.396000 0.081250 0.078000
0 0.460000 0.399000 0.077500 0.066000
0 0.519375 0.384500 0.058750 0.055000
0 0.710625 0.374500 0.051250 0.041000
0 0.668750 0.412500 0.052500 0.053000
0 0.701875 0.544500 0.076250 0.045000
0 0.770625 0.518000 0.041250 0.040000
0 0.621250 0.603500 0.055000 0.063000
0 0.708750 0.740000 0.055000 0.076000
0 0.636875 0.742000 0.071250 0.066000
0 0.771875 0.691500 0.058750 0.049000
0 0.434375 0.698000 0.088750 0.076000
