0 0.884766 0.638360 0.115234 0.190337
0 0.429199 0.275988 0.153320 0.294290
0 0.455566 0.470717 0.127930 0.183016
0 0.566895 0.505124 0.155273 0.272328
0 0.400391 0.614202 0.113281 0.177160
0 0.534180 0.171303 0.148438 0.254758
0 0.525391 0.668375 0.152344 0.115666
0 0.563477 0.855051 0.126953 0.237189
0 0.350098 0.454612 0.125977 0.215227
0 0.802734 0.316984 0.044922 0.095168
0 0.340820 0.776720 0.095703 0.194729
0 0.924805 0.902635 0.121094 0.194729
0 0.651367 0.770132 0.099609 0.210835
0 0.230469 0.722548 0.138672 0.191801
0 0.874512 0.464129 0.129883 0.225476
0 0.306641 0.177892 0.158203 0.294290
0 0.094727 0.636896 0.132812 0.225476
0 0.960938 0.643485 0.039062 0.083455
0 0.239258 0.537335 0.181641 0.272328
