0 0.104298 0.455202 0.038784 0.052023
0 0.642034 0.869942 0.042977 0.052023
0 0.520964 0.414017 0.054507 0.067919
0 0.585430 0.546965 0.051363 0.062139
0 0.475367 0.424133 0.055556 0.067919
0 0.939727 0.050578 0.038784 0.046243
0 0.501048 0.473988 0.060797 0.080925
0 0.667715 0.817919 0.029350 0.046243
0 0.617925 0.546965 0.040881 0.053468
0 0.552935 0.493497 0.034591 0.059249
0 0.719078 0.565751 0.039832 0.056358
0 0.839623 0.413295 0.031447 0.049133
0 0.471174 0.345376 0.066038 0.069364
0 0.427673 0.497832 0.044025 0.070809
0 0.779874 0.555636 0.048218 0.059249
0 0.990042 0.059971 0.019916 0.062139
0 0.959644 0.723266 0.038784 0.059249
0 0.311845 0.528179 0.047170 0.053468
0 0.075472 0.446532 0.031447 0.043353
0 0.972746 0.570809 0.035639 0.049133
0 0.662474 0.593208 0.048218 0.067919
0 0.432390 0.379335 0.040881 0.039017
0 0.367400 0.481214 0.038784 0.043353
0 0.707547 0.622110 0.048218 0.067919
