0 0.584197 0.591425 0.090173 0.193729
0 0.449047 0.570906 0.094928 0.178592
0 0.164193 0.704157 0.098657 0.194548
0 0.578986 0.388767 0.086699 0.120311
0 0.360156 0.732513 0.088949 0.187033
0 0.340219 0.281855 0.094414 0.143004
0 0.803428 0.658301 0.104640 0.182128
0 0.637896 0.660727 0.087564 0.190950
0 0.662574 0.506492 0.088670 0.170799
0 0.814347 0.456319 0.114092 0.166035
0 0.324718 0.608999 0.082236 0.155322
0 0.110847 0.497223 0.066580 0.173465
0 0.228793 0.630838 0.066725 0.161278
0 0.717876 0.360730 0.095008 0.095765
0 0.059696 0.154032 0.075164 0.099012
0 0.258897 0.120594 0.060625 0.101408
0 0.176068 0.229263 0.059273 0.101416
0 0.433861 0.709657 0.089329 0.175265
0 0.390152 0.508430 0.070459 0.137796
0 0.170028 0.581664 0.069883 0.141878
0 0.141850 0.385939 0.069753 0.112606
0 0.266719 0.297908 0.066022 0.112421
0 0.076399 0.348764 0.091308 0.131502
0 0.088057 0.289292 0.085773 0.158353
