0 0.5109197324414715 0.7633777777777777 0.2595819397993311 0.15360000000000001
0 0.4151003344481605 0.9097000000000001 0.3146153846153846 0.15735555555555555
0 0.16040133779264215 0.8048111111111111 0.26088628762541805 0.12814444444444445
0 0.27120401337792643 0.6554888888888889 0.23165551839464882 0.1767111111111111
0 0.4248494983277592 0.5543111111111111 0.1501505016722408 0.13824444444444445
0 0.6032274247491639 0.5779222222222222 0.1703511705685619 0.1688111111111111
0 0.7488628762541806 0.49897777777777774 0.1884448160535117 0.16368888888888888
0 0.6638461538461539 0.7916222222222222 0.17451505016722407 0.15453333333333336
0 0.774314381270903 0.3727888888888889 0.14173913043478262 0.10853333333333334
0 0.5520401337792642 0.3903888888888889 0.28327759197324415 0.14928888888888892
0 0.31229096989966554 0.41400000000000003 0.27983277591973243 0.16874444444444445
0 0.29558528428093644 0.42650000000000005 0.22747491638795986 0.14931111111111112
0 0.10152173913043479 0.5096222222222222 0.18073578595317724 0.15165555555555557
0 0.2715217391304348 0.6288555555555556 0.23175585284280936 0.13734444444444444
0 0.07142140468227424 0.6709999999999999 0.1428428093645485 0.15495555555555557
0 0.14018394648829433 0.32509999999999994 0.16192307692307692 0.1353777777777778
0 0.1645484949832776 0.11486666666666666 0.25757525083612043 0.14271111111111112
0 0.6234448160535117 0.14404444444444442 0.14665551839464883 0.11771111111111111
0 0.400819397993311 0.18664444444444445 0.22331103678929765 0.16403333333333334
0 0.6603678929765886 0.2220666666666667 0.23167224080267557 0.09319999999999999
0 0.46667224080267555 0.04263333333333333 0.23377926421404685 0.07600000000000001