0 0.4092461538461538 0.4093305439330544 0.14743076923076923 0.25877615062761505
0 0.6114692307692308 0.33982217573221757 0.18704615384615383 0.19448744769874476
0 0.7008615384615384 0.18089958158995817 0.1768076923076923 0.2890899581589958
0 0.5092615384615384 0.14402719665271965 0.19801538461538462 0.18544979079497906
0 0.7096538461538461 0.5027405857740586 0.2163769230769231 0.2872175732217573
0 0.8616846153846154 0.29497907949790797 0.1643923076923077 0.13468619246861924
0 0.8803692307692308 0.5054811715481171 0.19297692307692307 0.2538389121338912
0 0.8985 0.7441108786610878 0.1611076923076923 0.16922594142259414
0 0.4330615384615385 0.7981694560669456 0.21704615384615386 0.20263598326359833
0 0.2920153846153846 0.8554602510460252 0.15473076923076923 0.1976673640167364
0 0.2995230769230769 0.6302719665271966 0.11480000000000001 0.19559623430962345
0 0.21142307692307694 0.5092050209205021 0.1298 0.12081589958158996
0 0.11342307692307692 0.6905648535564853 0.17776923076923076 0.2803138075313808