0 0.560938 0.257812 0.116406 0.126562
0 0.415625 0.340625 0.095312 0.128906
0 0.460156 0.472656 0.152344 0.117188
0 0.549219 0.568750 0.133594 0.103125
0 0.667188 0.400000 0.078906 0.157813
0 0.475781 0.149219 0.106250 0.091406
0 0.392188 0.191406 0.110156 0.102344
0 0.210156 0.532812 0.064063 0.108594
0 0.280469 0.532031 0.089063 0.082031
0 0.223438 0.443750 0.094531 0.091406
0 0.093750 0.542188 0.102344 0.098438
0 0.173438 0.652344 0.096875 0.131250
0 0.228125 0.638281 0.088281 0.100000
0 0.300000 0.703906 0.100781 0.092969
0 0.334375 0.847656 0.091406 0.123438
0 0.821875 0.850000 0.071875 0.106250
0 0.903125 0.934375 0.098438 0.130469
0 0.794531 0.956250 0.103125 0.087500
0 0.947656 0.666406 0.077344 0.101562
0 0.978125 0.571875 0.043750 0.103125
0 0.710938 0.379687 0.064062 0.142969
0 0.835938 0.232031 0.070312 0.107031
0 0.917969 0.185156 0.093750 0.098437
0 0.089844 0.908594 0.078125 0.095312
0 0.199219 0.821094 0.039844 0.143750
