0 0.423438 0.617431 0.043750 0.071560
0 0.747656 0.669725 0.045312 0.055046
0 0.617188 0.696330 0.056250 0.064220
0 0.682813 0.700917 0.053125 0.069725
0 0.343750 0.336697 0.053125 0.067890
0 0.350000 0.645872 0.046875 0.069725
0 0.773438 0.713761 0.037500 0.069725
0 0.441406 0.384404 0.073438 0.060550
0 0.694531 0.631193 0.067187 0.080734
0 0.746875 0.601835 0.040625 0.058716
0 0.839844 0.577982 0.054688 0.077064
0 0.793750 0.541284 0.053125 0.077064
0 0.353906 0.577064 0.057813 0.060550
0 0.309375 0.642202 0.062500 0.073394
0 0.472656 0.614679 0.035937 0.077064
0 0.368750 0.120183 0.056250 0.078899
0 0.326562 0.114679 0.053125 0.078899
0 0.412500 0.132110 0.046875 0.080734
0 0.450000 0.106422 0.037500 0.091743
0 0.719531 0.529358 0.054688 0.049541
0 0.307031 0.582569 0.048438 0.064220
