0 0.510274 0.843066 0.180365 0.284672
0 0.668950 0.700730 0.148402 0.239416
0 0.523973 0.091971 0.150685 0.181022
0 0.330479 0.497080 0.167808 0.272993
0 0.308790 0.070803 0.149543 0.138686
0 0.677511 0.429197 0.147260 0.245255
0 0.806507 0.519708 0.119863 0.198540
0 0.319064 0.691971 0.117580 0.216058
0 0.091324 0.414599 0.114155 0.172263
0 0.546233 0.489781 0.199772 0.337226
0 0.436644 0.272263 0.176941 0.246715
0 0.443493 0.659124 0.147260 0.220438
0 0.803082 0.730657 0.147260 0.264234
0 0.271119 0.250365 0.176941 0.246715
