0 0.456771 0.614352 0.062500 0.119444
0 0.126302 0.458796 0.070312 0.147222
0 0.819792 0.393981 0.075000 0.143519
0 0.258854 0.489352 0.082292 0.149074
0 0.382031 0.631944 0.054688 0.110185
0 0.015365 0.824074 0.029687 0.133333
0 0.742969 0.343981 0.055729 0.115741
0 0.912240 0.371759 0.064062 0.106481
0 0.134635 0.654630 0.047396 0.096296
0 0.967187 0.918519 0.048958 0.079630
0 0.840104 0.495370 0.063542 0.103704
0 0.208333 0.331481 0.056250 0.112963
0 0.892448 0.475000 0.053646 0.105556
0 0.614323 0.360185 0.040104 0.075926
0 0.509115 0.529630 0.041146 0.124074
0 0.010156 0.470833 0.019271 0.106481
0 0.716406 0.477778 0.045312 0.081481
0 0.694531 0.352315 0.054688 0.082407
0 0.397396 0.532407 0.037500 0.070370
0 0.661979 0.474074 0.036458 0.064815
0 0.355729 0.458333 0.030208 0.077778
0 0.064583 0.489815 0.036458 0.061111
0 0.022135 0.447685 0.043229 0.095370
0 0.029427 0.439352 0.043229 0.093519
0 0.008073 0.478241 0.015104 0.095370
0 0.282552 0.373148 0.041146 0.061111