0 0.176000 0.606618 0.060000 0.034314
0 0.196000 0.657475 0.044000 0.040441
0 0.264000 0.696691 0.048000 0.035539
0 0.228000 0.715686 0.048000 0.031863
0 0.610000 0.523284 0.056000 0.029412
0 0.536000 0.575980 0.056000 0.039216
0 0.535000 0.531863 0.070000 0.031863
0 0.487000 0.775123 0.082000 0.037990
0 0.652000 0.836397 0.048000 0.033088
0 0.731000 0.818015 0.050000 0.025735
0 0.756000 0.875000 0.084000 0.051471
0 0.847000 0.381740 0.050000 0.037990
0 0.317000 0.235294 0.070000 0.039216
0 0.255000 0.237745 0.054000 0.041667
0 0.422000 0.268382 0.060000 0.036765
0 0.325000 0.262868 0.054000 0.028186
0 0.386000 0.290441 0.068000 0.034314
0 0.398000 0.180760 0.052000 0.025735
0 0.840000 0.738358 0.080000 0.042892
0 0.085000 0.617034 0.046000 0.055147
