0 0.553906 0.539844 0.098438 0.164062
0 0.699219 0.500000 0.139844 0.185156
0 0.677344 0.289062 0.112500 0.164062
0 0.757812 0.346875 0.134375 0.114844
0 0.892187 0.538281 0.111719 0.183594
0 0.781250 0.587500 0.113281 0.156250
0 0.667188 0.668750 0.132031 0.167187
0 0.492969 0.760156 0.100000 0.182812
0 0.542969 0.688281 0.100000 0.121094
0 0.446875 0.629687 0.088281 0.107813
0 0.361719 0.486719 0.115625 0.158594
0 0.429688 0.423438 0.085156 0.153125
0 0.509375 0.392969 0.092188 0.115625
0 0.594531 0.376563 0.083594 0.115625
0 0.434375 0.082813 0.084375 0.115625
0 0.778906 0.054688 0.148438 0.108594
0 0.181250 0.356250 0.078125 0.137500
0 0.204687 0.490625 0.110937 0.182813
0 0.275781 0.431250 0.082031 0.148437
0 0.309375 0.685938 0.139844 0.131250
0 0.277344 0.557812 0.107031 0.128125
