0 0.287945 0.247069 0.072070 0.042112
0 0.658412 0.823852 0.064874 0.047046
0 0.374510 0.798718 0.061345 0.040423
0 0.576154 0.516271 0.046436 0.040672
0 0.464820 0.731856 0.065168 0.040229
0 0.339026 0.297266 0.065641 0.044575
0 0.570948 0.379044 0.073725 0.037519
0 0.586500 0.822779 0.063108 0.041993
0 0.507322 0.414861 0.069020 0.052373
0 0.579714 0.571108 0.054681 0.037138
0 0.560765 0.265427 0.063621 0.034010
0 0.482278 0.842645 0.070759 0.037296
0 0.284756 0.174253 0.055388 0.042075
0 0.515195 0.800816 0.062788 0.047783
0 0.427666 0.839597 0.060674 0.045901
0 0.539477 0.591366 0.078047 0.040921
0 0.390264 0.652384 0.060408 0.043382
0 0.374216 0.239462 0.062924 0.043478
0 0.315978 0.828319 0.071764 0.040402
0 0.523697 0.649604 0.062352 0.044418
0 0.513851 0.738424 0.064425 0.040475
0 0.420314 0.679283 0.056604 0.039848
0 0.604780 0.779216 0.060286 0.045852
0 0.670376 0.261560 0.053208 0.039919
0 0.339633 0.673909 0.054595 0.040551
0 0.503496 0.328009 0.078063 0.054714
0 0.576137 0.744999 0.074581 0.048291
0 0.390388 0.852902 0.065377 0.048199
0 0.386389 0.119803 0.068659 0.035780
0 0.630625 0.331411 0.066178 0.051060
0 0.399781 0.970757 0.056888 0.045778
0 0.425926 0.629631 0.058032 0.039398
0 0.222127 0.195083 0.081938 0.056620
0 0.526414 0.681558 0.058174 0.033181
0 0.686738 0.866327 0.067211 0.051517
0 0.581488 0.230341 0.055567 0.040431
0 0.639134 0.334858 0.080854 0.061792
0 0.683065 0.750880 0.068036 0.050454
0 0.354534 0.162376 0.074167 0.041299
