0 0.297917 0.680156 0.102083 0.175875
0 0.933594 0.575875 0.111979 0.192996
0 0.110417 0.321012 0.103125 0.190661
0 0.460417 0.869261 0.122917 0.208560
0 0.825521 0.400000 0.095833 0.182101
0 0.769531 0.268093 0.083854 0.106615
0 0.244531 0.109728 0.107813 0.136965
0 0.409115 0.603113 0.083854 0.144747
0 0.110677 0.163813 0.089063 0.109728
0 0.319792 0.833463 0.116667 0.166537
0 0.189844 0.168093 0.082812 0.118288
0 0.272656 0.937743 0.106771 0.124514
0 0.385417 0.102335 0.067708 0.125292
0 0.620313 0.374319 0.060417 0.135409
0 0.855729 0.299611 0.061458 0.085603
0 0.690104 0.332685 0.082292 0.112840
