0 0.412500 0.715884 0.078125 0.129754
0 0.486719 0.689038 0.082812 0.120805
0 0.605469 0.224832 0.092188 0.109620
0 0.733594 0.279642 0.076563 0.120805
0 0.598437 0.317673 0.096875 0.120805
0 0.728906 0.500000 0.073438 0.140940
0 0.303125 0.676734 0.087500 0.114094
0 0.242969 0.653244 0.057813 0.107383
0 0.557031 0.655481 0.073438 0.120805
0 0.283594 0.574944 0.070312 0.080537
0 0.604688 0.493289 0.087500 0.123043
0 0.419531 0.615213 0.089063 0.080537
0 0.513281 0.318792 0.073438 0.145414
0 0.655469 0.467562 0.079687 0.138702
0 0.718750 0.392617 0.078125 0.087248
0 0.465625 0.804251 0.078125 0.109620
0 0.808594 0.461969 0.064062 0.105145
0 0.554688 0.771812 0.071875 0.120805
0 0.546875 0.228188 0.046875 0.058166
