0 0.521875 0.6703125 0.0703125 0.1640625
0 0.7234375 0.61328125 0.09609375 0.09609375
0 0.74140625 0.51875 0.08984375 0.1140625
0 0.6953125 0.715625 0.090625 0.15703125
0 0.8140625 0.67265625 0.09609375 0.10859375
0 0.8546875 0.5015625 0.07578125 0.12890625
0 0.93828125 0.5515625 0.07265625 0.09765625
0 0.93515625 0.415625 0.09375 0.10234375
0 0.94765625 0.68828125 0.06875 0.13046875
0 0.87578125 0.8203125 0.0796875 0.13515625
0 0.3203125 0.81640625 0.08828125 0.07109375
0 0.43515625 0.88125 0.09375 0.1140625
0 0.57421875 0.85234375 0.1015625 0.15625
0 0.52109375 0.24765625 0.06953125 0.1109375
0 0.6609375 0.1640625 0.075 0.15078125
0 0.7515625 0.1234375 0.06875 0.1109375
0 0.70703125 0.04140625 0.096875 0.0828125
0 0.65546875 0.30078125 0.05546875 0.1109375
0 0.52109375 0.0484375 0.11953125 0.096875
0 0.24453125 0.04375 0.1078125 0.0875
0 0.28671875 0.14296875 0.0890625 0.065625
0 0.2140625 0.315625 0.05625 0.12578125
