0 0.519531 0.817187 0.263281 0.199219
0 0.675000 0.900000 0.237500 0.157031
0 0.792188 0.713281 0.361719 0.184375
0 0.510938 0.660937 0.259375 0.123438
0 0.310937 0.749219 0.219531 0.111719
0 0.360156 0.907812 0.283594 0.173437
0 0.314844 0.620313 0.234375 0.137500
0 0.160938 0.639844 0.262500 0.184375
0 0.224219 0.417188 0.212500 0.141406
0 0.470312 0.510156 0.199219 0.126562
0 0.614844 0.416406 0.200000 0.196094
0 0.730469 0.351562 0.164062 0.135156
0 0.825000 0.458594 0.233594 0.182813
0 0.803125 0.224219 0.220312 0.143750
0 0.557031 0.103906 0.251562 0.130469
0 0.388281 0.184375 0.239844 0.132812
0 0.544531 0.271094 0.259375 0.178125
0 0.221875 0.217188 0.149219 0.115625
0 0.284375 0.089062 0.135938 0.126563
