0 0.751037 0.420206 0.075975 0.122764
0 0.642839 0.222935 0.082341 0.120649
0 0.071400 0.867131 0.086830 0.120848
0 0.523165 0.520853 0.078755 0.119748
0 0.380851 0.823050 0.073434 0.128769
0 0.173806 0.511875 0.063357 0.103759
0 0.071326 0.708757 0.062229 0.085677
0 0.328749 0.749949 0.063051 0.113052
0 0.546757 0.412076 0.051666 0.070798
0 0.466908 0.423644 0.062034 0.105215
0 0.145341 0.780251 0.048287 0.085261
0 0.419131 0.683921 0.052774 0.085132
0 0.358942 0.637861 0.054777 0.101138
0 0.621121 0.100103 0.061213 0.082573
0 0.708222 0.131361 0.061996 0.087507
