0 0.56796875 0.5328125 0.16484375 0.18828125
0 0.67265625 0.4296875 0.1296875 0.1953125
0 0.55859375 0.278125 0.18515625 0.1640625
0 0.7453125 0.290625 0.10546875 0.13203125
0 0.40234375 0.33671875 0.1515625 0.215625
0 0.415625 0.559375 0.1203125 0.1484375
0 0.51171875 0.68359375 0.121875 0.1796875
0 0.19453125 0.71640625 0.12421875 0.1703125
0 0.28671875 0.6046875 0.1234375 0.1921875
0 0.26875 0.4453125 0.1515625 0.12890625
0 0.30859375 0.88515625 0.18671875 0.06640625
0 0.1078125 0.42265625 0.090625 0.09609375
0 0.0359375 0.13671875 0.059375 0.08828125
0 0.07578125 0.07109375 0.0578125 0.0765625
0 0.15234375 0.12421875 0.1109375 0.09140625
0 0.090625 0.2015625 0.06875 0.09765625
