0 0.519267935578331 0.817255859375 0.26323572474377743 0.199423828125
0 0.6747291361639824 0.899775390625 0.2373792093704246 0.157294921875
0 0.7922547584187408 0.71330078125 0.36161054172767204 0.184033203125
0 0.5112445095168375 0.660732421875 0.2597364568081991 0.123544921875
0 0.3111127379209371 0.7495703125 0.2192532942898975 0.111494140625
0 0.3599267935578331 0.90748046875 0.283411420204978 0.173408203125
0 0.3146120058565154 0.6202734375 0.23459736456808197 0.137490234375
0 0.16120058565153733 0.639580078125 0.26244509516837483 0.18447265625
0 0.22395314787701318 0.41724609375 0.21225475841874084 0.1416015625
0 0.47045387994143484 0.510263671875 0.19906295754026357 0.126748046875
0 0.6151390922401171 0.416787109375 0.19979502196193266 0.196484375
0 0.7301610541727672 0.351435546875 0.16415812591508053 0.13552734375
0 0.8249926793557834 0.458876953125 0.23386530014641288 0.1830078125
0 0.8030600292825769 0.224453125 0.2200732064421669 0.14384765625
0 0.5572620790629575 0.103525390625 0.2513909224011713 0.13078125
0 0.3885212298682284 0.18421875 0.240190336749634 0.133134765625
0 0.5447144948755491 0.270732421875 0.2597510980966325 0.177822265625
0 0.22185944363103954 0.21724609375 0.14950219619326502 0.115478515625
0 0.2842606149341142 0.0888671875 0.13626647144948756 0.126591796875