0 0.555396 0.411100 0.057554 0.045221
0 0.116547 0.654162 0.077698 0.044193
0 0.230935 0.623844 0.061871 0.049332
0 0.416547 0.793936 0.067626 0.056526
0 0.561871 0.793422 0.056115 0.049332
0 0.387050 0.385406 0.063309 0.043165
0 0.409353 0.842240 0.061871 0.048304
0 0.424460 0.522097 0.071942 0.039054
0 0.199281 0.568345 0.061871 0.039054
0 0.569065 0.683967 0.070504 0.048304
0 0.389209 0.487153 0.050360 0.032888
0 0.464748 0.483556 0.057554 0.044193
0 0.425180 0.445015 0.058993 0.043165
0 0.438129 0.164954 0.053237 0.050360
0 0.101439 0.601747 0.056115 0.050360
0 0.322302 0.505653 0.066187 0.043165
0 0.485612 0.770298 0.038849 0.035971
0 0.382734 0.134635 0.086331 0.039054
0 0.028058 0.177287 0.053237 0.058582
0 0.512950 0.508222 0.064748 0.035971
0 0.587770 0.541624 0.050360 0.053443
0 0.387770 0.410586 0.058993 0.033916
0 0.486331 0.889003 0.043165 0.030832
0 0.382734 0.280062 0.077698 0.040082
0 0.155396 0.585817 0.063309 0.034943
0 0.512950 0.915211 0.041727 0.046249
0 0.569065 0.485098 0.064748 0.043165
0 0.552518 0.409044 0.057554 0.045221
0 0.329496 0.469681 0.066187 0.043165
