0 0.333594 0.291406 0.207813 0.164062
0 0.425000 0.131250 0.193750 0.121875
0 0.692969 0.186719 0.204687 0.179688
0 0.880469 0.120313 0.167187 0.159375
0 0.741406 0.537500 0.179688 0.103125
0 0.926562 0.485938 0.146875 0.118750
0 0.872656 0.609375 0.207813 0.128125
0 0.552344 0.771094 0.276562 0.123438
0 0.222656 0.810937 0.204687 0.115625
0 0.324219 0.882812 0.257812 0.103125
0 0.675000 0.906250 0.225000 0.096875
0 0.853906 0.885156 0.160938 0.120313
0 0.278906 0.557031 0.170313 0.123438
0 0.187500 0.360156 0.187500 0.095312
