0 0.264716 0.551587 0.195437 0.161210
0 0.514220 0.516989 0.236772 0.177331
0 0.416667 0.287326 0.195106 0.120288
0 0.772983 0.734871 0.182870 0.160218
0 0.708168 0.366567 0.151786 0.131448
0 0.752976 0.627232 0.134921 0.098710
0 0.441964 0.817088 0.229828 0.156994
0 0.749504 0.450273 0.174934 0.113839
0 0.340774 0.397941 0.190807 0.132688
0 0.638393 0.667163 0.174272 0.123016
0 0.466435 0.073413 0.163690 0.134425
0 0.418155 0.819940 0.173611 0.143849
0 0.694114 0.373388 0.186508 0.154514
0 0.501323 0.164559 0.106481 0.097966
