0 0.774781 0.658156 0.064383 0.093127
0 0.495181 0.438455 0.063769 0.083561
0 0.322531 0.698059 0.046606 0.072477
0 0.165489 0.544859 0.068246 0.090041
0 0.126751 0.628054 0.063221 0.096774
0 0.831640 0.566615 0.037991 0.062377
0 0.715349 0.578136 0.049588 0.080906
0 0.392981 0.461427 0.051286 0.073175
0 0.246514 0.526079 0.068489 0.081203
0 0.434261 0.465219 0.053312 0.086473
0 0.848788 0.698680 0.039767 0.076832
0 0.551254 0.408323 0.051365 0.085194
0 0.597027 0.459740 0.058639 0.092065
0 0.525746 0.489377 0.060303 0.069910
0 0.843146 0.698592 0.053456 0.092460
0 0.359885 0.502478 0.066263 0.087174
0 0.470379 0.377629 0.079672 0.057938
