0 0.385677 0.709259 0.057813 0.109259
0 0.551562 0.389352 0.061458 0.078704
0 0.433854 0.350926 0.055208 0.101852
0 0.335938 0.518519 0.047917 0.087037
0 0.398438 0.536574 0.057292 0.126852
0 0.228385 0.587963 0.041146 0.081481
0 0.408333 0.849074 0.067708 0.120370
0 0.146354 0.837963 0.055208 0.111111
0 0.096615 0.787037 0.051562 0.092593
0 0.319271 0.847222 0.071875 0.120370
0 0.167708 0.612500 0.048958 0.082407
0 0.450000 0.756944 0.046875 0.104630
0 0.205469 0.726852 0.034896 0.074074
0 0.045573 0.823148 0.043229 0.109259
0 0.260417 0.506481 0.045833 0.068519
0 0.520312 0.312500 0.062500 0.078704
0 0.952083 0.750463 0.030208 0.102778
0 0.307552 0.733333 0.046354 0.092593
0 0.355990 0.625463 0.033854 0.076852
0 0.314844 0.630556 0.049479 0.092593
0 0.097917 0.635648 0.040625 0.075000