0 0.286250 0.585305 0.052500 0.079701
0 0.192500 0.656912 0.055000 0.090909
0 0.735417 0.717310 0.052500 0.067248
0 0.746667 0.645081 0.046667 0.062267
0 0.240417 0.646326 0.049167 0.079701
0 0.747917 0.585928 0.045833 0.061021
0 0.771250 0.731009 0.045833 0.079701
0 0.198333 0.557285 0.058333 0.068493
0 0.247500 0.504359 0.058333 0.044832
0 0.156667 0.584682 0.043333 0.056040
0 0.136250 0.650062 0.050833 0.074720
0 0.392500 0.462640 0.035000 0.048568
0 0.403750 0.401619 0.057500 0.063512
0 0.474583 0.438979 0.059167 0.078456
0 0.345000 0.458904 0.041667 0.095890
0 0.832083 0.716065 0.062500 0.087173
0 0.844167 0.641968 0.058333 0.073474
