0 0.475260 0.103472 0.143229 0.205556
0 0.657552 0.075347 0.123438 0.149306
0 0.535156 0.936458 0.145313 0.127083
0 0.086458 0.414931 0.153125 0.239583
0 0.587240 0.543056 0.157812 0.243056
0 0.414062 0.448958 0.155208 0.232639
0 0.716146 0.517014 0.125000 0.203472
0 0.365885 0.192708 0.168229 0.243750
0 0.108333 0.892708 0.171875 0.214583
0 0.084896 0.615625 0.147917 0.195139
0 0.709115 0.368750 0.132812 0.206944
0 0.727344 0.673611 0.116146 0.130556
0 0.315365 0.895486 0.173437 0.209028
0 0.625000 0.788194 0.141667 0.206944
0 0.333073 0.339931 0.128646 0.192361
0 0.857552 0.221875 0.086979 0.156250
0 0.821615 0.598611 0.084896 0.177778
0 0.800781 0.746181 0.101562 0.145139
