0 0.295312 0.560742 0.105208 0.070703
0 0.711719 0.750781 0.109896 0.066406
0 0.222396 0.610352 0.117708 0.080859
0 0.494271 0.848242 0.042708 0.034766
0 0.067448 0.058594 0.127604 0.098437
0 0.123438 0.560352 0.047917 0.038672
0 0.294271 0.559961 0.105208 0.070703
0 0.582292 0.212695 0.115625 0.124609
0 0.654167 0.247461 0.115625 0.124609
0 0.450000 0.201367 0.104167 0.082422
0 0.267708 0.204492 0.128125 0.092578
0 0.387500 0.294727 0.128125 0.092578
0 0.177083 0.234961 0.104167 0.109766
0 0.737240 0.283984 0.061979 0.102344
0 0.629427 0.702734 0.122396 0.090625
0 0.564583 0.764062 0.111458 0.084375
0 0.528125 0.859961 0.077083 0.109766
0 0.637240 0.883203 0.129688 0.101562
0 0.654687 0.800781 0.116667 0.090625
0 0.741927 0.832031 0.133854 0.092188
0 0.203385 0.699023 0.138021 0.085547
0 0.339583 0.667188 0.100000 0.096094
0 0.423177 0.645703 0.126562 0.090625
0 0.458333 0.569141 0.104167 0.072656
0 0.556771 0.648438 0.115625 0.075000
0 0.767448 0.659961 0.102604 0.085547
