0 0.5676 0.5324666666666666 0.16468 0.18818333333333334
0 0.6724533333333333 0.4299333333333333 0.12954666666666667 0.19521666666666665
0 0.5583066666666667 0.2778833333333333 0.18488 0.16383333333333333
0 0.7451866666666667 0.29075 0.10532 0.13201666666666664
0 0.40212 0.33698333333333336 0.15130666666666667 0.21538333333333332
0 0.4158533333333333 0.5595 0.1206 0.14828333333333332
0 0.5114133333333334 0.6832166666666667 0.12224000000000002 0.18001666666666669
0 0.19481333333333334 0.7161000000000001 0.12458666666666667 0.17056666666666667
0 0.28653333333333336 0.6044166666666666 0.12350666666666667 0.19216666666666665
0 0.26877333333333336 0.44508333333333333 0.15128 0.12853333333333333
0 0.30834666666666666 0.8852999999999999 0.18653333333333333 0.06678333333333333
0 0.10753333333333334 0.42285 0.09062666666666666 0.0962
0 0.036013333333333335 0.13693333333333332 0.05908 0.08801666666666667
0 0.0754 0.07076666666666667 0.057879999999999994 0.07686666666666667
0 0.15237333333333333 0.12455000000000001 0.1106 0.09131666666666667
0 0.09096 0.20158333333333334 0.06858666666666666 0.09785