0 0.129989 0.899798 0.153050 0.200403
0 0.516398 0.529829 0.135914 0.229780
0 0.543841 0.815464 0.154723 0.231357
0 0.711776 0.461226 0.121613 0.178940
0 0.594088 0.275903 0.170247 0.269378
0 0.140816 0.306834 0.095720 0.143106
0 0.732839 0.717785 0.147171 0.242879
0 0.839853 0.398604 0.131035 0.203103
0 0.900404 0.785972 0.132318 0.199003
0 0.344082 0.214340 0.112703 0.144191
0 0.105154 0.469214 0.125962 0.171932
0 0.058397 0.360034 0.101238 0.148845
0 0.186341 0.203014 0.088553 0.098189
0 0.780882 0.916054 0.136126 0.167893
0 0.447816 0.928091 0.096913 0.143819
0 0.077574 0.161909 0.097213 0.151545
0 0.124263 0.640020 0.155033 0.157093
0 0.332041 0.910936 0.130236 0.178128
0 0.834533 0.056212 0.058766 0.076564
0 0.246689 0.809117 0.160632 0.225492
0 0.211462 0.446398 0.109475 0.105107
0 0.235864 0.256275 0.070969 0.061429
0 0.301382 0.052332 0.074639 0.103177
0 0.818950 0.227542 0.090571 0.145436
0 0.388273 0.414393 0.136843 0.212061
0 0.250304 0.599950 0.121354 0.142083
0 0.010080 0.445516 0.020161 0.088302
0 0.010777 0.157115 0.021553 0.066911
0 0.552656 0.070401 0.125397 0.080873
0 0.125031 0.054408 0.109739 0.098343
0 0.409230 0.671616 0.047339 0.106419
0 0.238915 0.619353 0.130177 0.174685
0 0.013559 0.149382 0.026756 0.063755
