0 0.744939 0.240351 0.142148 0.092233
0 0.232122 0.254660 0.159234 0.155330
0 0.721696 0.146295 0.119008 0.070673
0 0.340279 0.339659 0.167278 0.140826
0 0.498396 0.258266 0.144083 0.103878
0 0.398548 0.786101 0.188369 0.153748
0 0.542151 0.606172 0.179562 0.109256
0 0.448425 0.381934 0.111312 0.087521
0 0.591303 0.730293 0.178509 0.146979
0 0.761064 0.501677 0.181745 0.149417
0 0.445927 0.663599 0.169427 0.144039
0 0.788423 0.368442 0.121371 0.100348
0 0.914298 0.488108 0.147432 0.135298
0 0.916323 0.830550 0.167354 0.136269
0 0.815320 0.182632 0.099944 0.078245
0 0.192046 0.840978 0.127257 0.141227
0 0.346115 0.574461 0.169659 0.077068
0 0.925771 0.262195 0.115604 0.090818
0 0.288296 0.658442 0.147226 0.138913
