0 0.307500 0.360225 0.117500 0.161351
0 0.386875 0.416510 0.113750 0.135084
0 0.386250 0.215760 0.135000 0.108818
0 0.456250 0.320826 0.110000 0.120075
0 0.250000 0.498124 0.152500 0.155722
0 0.302500 0.645403 0.127500 0.198874
0 0.151250 0.712946 0.137500 0.183865
0 0.343750 0.810507 0.142500 0.168856
0 0.443750 0.762664 0.110000 0.148218
0 0.683125 0.363039 0.098750 0.174484
0 0.457500 0.569418 0.157500 0.219512
0 0.550000 0.737336 0.077500 0.228893
0 0.577500 0.539400 0.095000 0.193246
0 0.537500 0.320826 0.112500 0.202627
0 0.216250 0.389306 0.115000 0.140713
