0 0.540365 0.748148 0.068229 0.125926
0 0.336979 0.470833 0.070833 0.132407
0 0.249740 0.483333 0.072396 0.127778
0 0.742188 0.323148 0.065625 0.105556
0 0.717969 0.957870 0.058854 0.080556
0 0.616667 0.782407 0.067708 0.135185
0 0.479687 0.842130 0.063542 0.154630
0 0.780729 0.806481 0.068750 0.098148
0 0.794010 0.409722 0.051562 0.113889
0 0.286719 0.344444 0.050521 0.098148
0 0.809896 0.931944 0.079167 0.123148
0 0.910937 0.876389 0.060417 0.137963
0 0.680469 0.851852 0.046354 0.122222
0 0.976823 0.834722 0.045312 0.112037
0 0.881250 0.963426 0.061458 0.065741
0 0.654948 0.225463 0.042188 0.086111
0 0.417448 0.785185 0.047396 0.098148
0 0.446875 0.631019 0.038542 0.080556
0 0.544531 0.597222 0.050521 0.061111
0 0.377604 0.750926 0.033333 0.090741
0 0.370573 0.534259 0.032813 0.088889
0 0.886198 0.971759 0.063021 0.047222