0 0.21271875 0.28817129629629634 0.11583072916666667 0.17099074074074072
0 0.28159114583333333 0.18526851851851853 0.09732552083333333 0.16272222222222224
0 0.355953125 0.39262037037037034 0.09422916666666666 0.2502638888888889
0 0.24310416666666665 0.5181527777777778 0.12451822916666666 0.1865138888888889
0 0.13154427083333334 0.4101018518518519 0.097578125 0.13090740740740742
0 0.10809375 0.555162037037037 0.07432291666666666 0.19625925925925927
0 0.1768203125 0.6498287037037037 0.1156875 0.18593518518518518
0 0.5802395833333333 0.24906481481481482 0.10434375 0.12981944444444446
0 0.7003203125 0.3002592592592592 0.12077083333333333 0.148875
0 0.5469609375 0.437375 0.1176484375 0.16075925925925927
0 0.48285677083333334 0.37975 0.06756770833333332 0.15662037037037038
0 0.7132109375 0.6177083333333333 0.09772135416666666 0.1726574074074074
0 0.47967447916666667 0.6843333333333333 0.06814583333333334 0.12380555555555556
0 0.5094791666666667 0.852574074074074 0.03747916666666666 0.14547685185185186
0 0.8389505208333333 0.36174074074074075 0.090515625 0.13912037037037037
0 0.9506666666666667 0.42682870370370374 0.09866927083333334 0.17361574074074074
0 0.853421875 0.5492824074074074 0.11945833333333335 0.1839537037037037
0 0.8309947916666667 0.7993287037037037 0.12842447916666666 0.1902222222222222
0 0.9347265625 0.8343148148148147 0.06862239583333334 0.18611574074074075