0 0.263021 0.788889 0.052083 0.124074
0 0.064323 0.650463 0.049479 0.080556
0 0.605469 0.417593 0.081771 0.142593
0 0.352865 0.750926 0.061979 0.105556
0 0.852083 0.480556 0.082292 0.164815
0 0.301302 0.931019 0.053646 0.112037
0 0.171354 0.898611 0.059375 0.112037
0 0.040365 0.780556 0.049479 0.105556
0 0.333854 0.629630 0.053125 0.100000
0 0.261719 0.614352 0.057813 0.106481
0 0.175000 0.725463 0.055208 0.093519
0 0.550521 0.730556 0.081250 0.150000
0 0.114583 0.926852 0.060417 0.116667
0 0.792188 0.644444 0.085417 0.146296
0 0.423438 0.800463 0.044792 0.095370
0 0.355729 0.883333 0.061458 0.127778
0 0.013021 0.897222 0.026042 0.105556
0 0.221875 0.980556 0.046875 0.038889
0 0.746875 0.362037 0.048958 0.100000
0 0.216146 0.691667 0.036458 0.085185
0 0.469271 0.724537 0.035417 0.080556
0 0.052083 0.906481 0.056250 0.090741