0 0.560910 0.688162 0.112391 0.155728
0 0.532341 0.550646 0.100383 0.117601
0 0.204132 0.784153 0.102546 0.176103
0 0.701824 0.839801 0.084673 0.161545
0 0.794027 0.784753 0.071825 0.118191
0 0.223824 0.658385 0.104216 0.172972
0 0.409863 0.492253 0.065110 0.114820
0 0.763735 0.571745 0.089791 0.112451
0 0.843129 0.577403 0.066090 0.118580
0 0.729348 0.242999 0.081361 0.097118
0 0.482201 0.438018 0.079213 0.106484
0 0.328971 0.531627 0.086864 0.126505
0 0.904261 0.796144 0.074893 0.132016
0 0.653318 0.271442 0.101889 0.114345
0 0.132102 0.722060 0.069020 0.160228
0 0.643557 0.647410 0.064577 0.145231
0 0.906744 0.632374 0.067484 0.145314
0 0.356308 0.255599 0.085802 0.139066
0 0.517880 0.359094 0.067581 0.082565
0 0.847197 0.711034 0.069057 0.111102
