0 0.773958 0.584722 0.066667 0.119444
0 0.695052 0.594444 0.055729 0.112963
0 0.601302 0.443519 0.070312 0.133333
0 0.483854 0.411111 0.073958 0.138889
0 0.389062 0.720833 0.050000 0.113889
0 0.263021 0.732870 0.075000 0.154630
0 0.458594 0.602778 0.042188 0.079630
0 0.931510 0.334722 0.044271 0.071296
0 0.377604 0.466204 0.032292 0.058333
0 0.273698 0.585185 0.052604 0.094444
0 0.319271 0.448611 0.052083 0.104630
0 0.705208 0.500000 0.038542 0.062963
0 0.933854 0.478241 0.041667 0.069444
0 0.127865 0.653241 0.045312 0.099074
0 0.976302 0.417130 0.043229 0.075000
0 0.353646 0.417130 0.037500 0.065741
0 0.596354 0.337500 0.045833 0.054630
0 0.348438 0.422222 0.032292 0.070370
0 0.684635 0.435185 0.034896 0.059259
0 0.118490 0.656481 0.054688 0.090741