0 0.520911 0.284649 0.238883 0.209518
0 0.479476 0.492420 0.231830 0.269020
0 0.453685 0.732687 0.225925 0.178923
0 0.676912 0.623456 0.231429 0.216473
0 0.446976 0.115036 0.243104 0.169117
0 0.735631 0.399588 0.194710 0.264603
0 0.175001 0.424113 0.227254 0.198529
0 0.305801 0.281615 0.202967 0.230185
0 0.268071 0.833588 0.252225 0.249971
0 0.887955 0.520643 0.192396 0.268999
0 0.260408 0.664896 0.249996 0.198373
0 0.643468 0.809055 0.305347 0.187880
0 0.117791 0.605698 0.186820 0.258968
0 0.814421 0.152136 0.188765 0.145658
0 0.374995 0.564204 0.300440 0.146791
0 0.952053 0.328271 0.092596 0.255932
