0 0.760156 0.645199 0.048438 0.091335
0 0.317969 0.533958 0.054688 0.098361
0 0.421094 0.551522 0.064062 0.091335
0 0.551562 0.496487 0.075000 0.074941
0 0.488281 0.584309 0.070312 0.105386
0 0.396875 0.461358 0.071875 0.084309
0 0.596094 0.355972 0.067187 0.084309
0 0.619531 0.459016 0.064062 0.088993
0 0.680469 0.435597 0.057813 0.088993
0 0.666406 0.584309 0.054688 0.105386
0 0.077344 0.521077 0.076563 0.124122
0 0.788281 0.800937 0.054688 0.074941
0 0.493750 0.888759 0.046875 0.096019
0 0.725781 0.569087 0.057813 0.088993
0 0.641406 0.303279 0.057813 0.058548
0 0.839844 0.873536 0.070312 0.117096
0 0.554688 0.567916 0.068750 0.091335
