0 0.209901 0.403165 0.132072 0.185365
0 0.819492 0.257388 0.116796 0.193821
0 0.334110 0.629171 0.171348 0.256659
0 0.376898 0.355752 0.144868 0.217386
0 0.901132 0.545511 0.115501 0.165573
0 0.815785 0.427530 0.114122 0.147990
0 0.719963 0.248438 0.114904 0.184022
0 0.792305 0.634239 0.139564 0.151769
0 0.210672 0.109513 0.154783 0.211022
0 0.483894 0.516208 0.130454 0.175951
0 0.596714 0.303709 0.124802 0.160321
0 0.906464 0.359535 0.101839 0.128078
0 0.652236 0.386880 0.114886 0.219782
0 0.162426 0.654417 0.111477 0.124676
0 0.521523 0.736924 0.127440 0.155022
