0 0.295052 0.769922 0.095312 0.086719
0 0.808073 0.815234 0.052604 0.050000
0 0.360677 0.770117 0.057813 0.071484
0 0.420052 0.769922 0.059896 0.071875
0 0.374479 0.821680 0.086458 0.050391
0 0.752083 0.831055 0.091667 0.062109
0 0.385156 0.487891 0.086979 0.075000
0 0.738542 0.793555 0.101042 0.061328
0 0.775260 0.776172 0.070312 0.047656
0 0.787760 0.733398 0.078646 0.055078
0 0.252865 0.466211 0.067187 0.071484
0 0.301302 0.416602 0.066146 0.048828
0 0.458594 0.473047 0.070312 0.062500
0 0.107031 0.282031 0.057813 0.068750
0 0.388021 0.352148 0.081250 0.061328
0 0.312760 0.345898 0.069271 0.071484
