0 0.554167 0.280556 0.153125 0.202778
0 0.629427 0.942014 0.076563 0.092361
0 0.088542 0.845486 0.037500 0.050694
0 0.557552 0.779167 0.068229 0.100000
0 0.625521 0.736111 0.069792 0.094444
0 0.567969 0.870139 0.044271 0.063889
0 0.539062 0.151389 0.157292 0.079167
0 0.172917 0.331944 0.052083 0.052778
0 0.338281 0.419792 0.133854 0.197917
0 0.121354 0.032986 0.033333 0.046528
0 0.680729 0.791319 0.048958 0.067361
0 0.652083 0.025000 0.039583 0.041667
0 0.618750 0.441319 0.136458 0.281250
0 0.208073 0.192708 0.030729 0.047917
0 0.212240 0.024306 0.045312 0.038889
0 0.719271 0.869097 0.043750 0.078472
0 0.677083 0.315625 0.072917 0.120139
0 0.355208 0.261806 0.125000 0.136111
