0 0.236429 0.778846 0.092857 0.155983
0 0.059286 0.469017 0.087143 0.134615
0 0.124286 0.525641 0.105714 0.128205
0 0.570714 0.512821 0.090000 0.136752
0 0.245000 0.367521 0.112857 0.166667
0 0.453571 0.642094 0.095714 0.138889
0 0.767857 0.337607 0.084286 0.149573
0 0.529286 0.759615 0.090000 0.113248
0 0.661429 0.356838 0.097143 0.123932
0 0.678571 0.775641 0.102857 0.136752
0 0.435714 0.506410 0.065714 0.102564
0 0.283571 0.676282 0.081429 0.126068
0 0.417857 0.214744 0.064286 0.113248
0 0.268571 0.494658 0.097143 0.079060
0 0.352143 0.604701 0.090000 0.102564
0 0.363571 0.780983 0.067143 0.177350
0 0.703571 0.500000 0.078571 0.089744
0 0.635714 0.256410 0.094286 0.145299
0 0.740714 0.241453 0.078571 0.132479
