0 0.796615 0.159891 0.097396 0.169664
0 0.424479 0.691947 0.103125 0.165754
0 0.236458 0.286161 0.084375 0.170446
0 0.065104 0.888194 0.087500 0.165754
0 0.856250 0.104378 0.067708 0.110242
0 0.725260 0.453479 0.105729 0.162627
0 0.549740 0.284206 0.103646 0.174355
0 0.701562 0.614152 0.129167 0.213448
0 0.445052 0.894840 0.119271 0.197811
0 0.294010 0.394058 0.064062 0.126661
0 0.648438 0.764660 0.117708 0.204848
0 0.188281 0.575059 0.110937 0.121188
0 0.160417 0.660281 0.104167 0.183737
0 0.066406 0.646208 0.118229 0.171228
0 0.192188 0.798671 0.098958 0.163409
0 0.538021 0.101251 0.062500 0.138389
0 0.276562 0.020328 0.048958 0.039093
0 0.263021 0.890149 0.102083 0.205629
0 0.860938 0.293980 0.039583 0.079750
0 0.342448 0.053948 0.095312 0.089132
0 0.643750 0.390539 0.108333 0.210321
0 0.563542 0.693120 0.087500 0.177482
0 0.490885 0.595387 0.035937 0.061767
0 0.837500 0.444879 0.068750 0.114152
0 0.299219 0.204457 0.081771 0.149335
0 0.355729 0.764660 0.106250 0.211102
0 0.511719 0.877639 0.114062 0.200938
